500
8.2
8.22
16.0
8.199999999999998	0.000999999999999857	0.0	0.0	0.0
8.200037493051457	0.0009244029152543158	2.4168219152879726	2.2621010902444496	246.88399166314542
8.200068995195883	0.00036451544946716877	-1.1775349722684179	4.524202185997453	493.76798332629085
8.20011616483237	0.0010615806259527039	1.943613690259043	0.5031179892801099	740.6519749894362
8.200148882128621	0.00040564128717700206	-1.6170448544056912	2.7652190734414273	987.5359666525817
8.200193162704345	0.0005666221764115162	0.17923691839323544	5.02732017353583	1234.4199583157274
8.200233876713204	0.000573405906906607	2.787261435578747	1.0062359475051794	1481.3039499788724
8.200271612321473	0.00025399595067507124	-0.2817854169367815	3.2683370398384755	1728.187941642018
8.20031400333184	0.0008399808990785254	2.954199265030204	5.530438133527023	1975.0719333051634
8.200350621617506	0.0005830117588947696	-1.5939571739883425	1.5093539195954184	2221.955924968309
8.200397027986256	0.0010577714446107491	1.7117907174233045	3.771455013718262	2468.839916631455
8.200436517058627	0.0009166965578483058	-1.602465311406342	6.033556115939668	2715.7239082946
8.200476434104619	0.0008998720023290813	1.0169449038660556	2.012471910688019	2962.607899957745
8.20051833874962	0.0010639033478286933	-2.9470343218693387	4.274573011628424	3209.491891620891
8.200553399667697	0.0006923114624388774	-0.9450893456544193	0.2534888102499817	3456.375883284036
8.200594158499243	0.0008158994036996455	2.7457815562879624	2.5155899155960064	3703.2598749471817
8.200630797081987	0.0002801262977248169	-1.4288631281095499	4.7776910254742315	3950.1438666103268
8.200669903597625	0.0005934294221415871	0.8705655487096843	0.7566068658373863	4197.027858273472
8.200710610865658	0.0006049669787893809	-2.7296680985157122	3.0187080717717176	4443.911849936618
8.200747433358329	0.00037588337576213216	0.49190783189616	5.28080927488004	4690.795841599762
8.200796908520001	0.0009960207592230469	-2.9784254398882632	1.2597251780466134	4937.67983326291
8.200832035463284	0.0005229859005293982	-1.2040497547665094	3.52182638668503	5184.563824926054
8.200876380336425	0.0009938333488490193	1.8671477024503236	5.783927600157397	5431.4478165892
8.20091806660542	0.0009505096736577539	-1.396898638917998	1.7628435099383122	5678.331808252344
8.200957505274701	0.0009741662945453543	1.2434122298402879	4.024944728301584	5925.21579991549
8.20099665114726	0.0008849185516778687	-2.7871859415374387	0.0038606403178711446	6172.099791578636
8.201029259789156	0.00035973413628963784	0.4794687895602373	2.2659618619734783	6418.98378324178
8.201076325107188	0.0010794252559715029	2.695907551835114	4.528063083886425	6665.8677749049275
8.201115392783526	0.0008476310923162143	-0.41682777017544315	0.5069790022187117	6912.751766568072
8.201149023999294	0.0005288505720038496	2.2632081629073877	2.7690802290623413	7159.635758231218
8.201189421289415	0.0005890369646199952	-1.3253071812319988	5.031181460148049	7406.519749894362
8.201237163773342	0.0009467792112661556	1.0357385253829314	1.0100973843054462	7653.403741557509
8.201270642161447	0.0006654333261485382	2.9330820409261698	3.2721986211780107	7900.2877332206535
8.20131307637268	0.0009149087843029907	0.24841284660768137	5.534299858710931	8147.171724883798
8.201349336416792	0.00039076105626811944	2.8767557982810983	1.5132157906948027	8394.055716546944
8.201387241334693	0.00042466632658433204	-1.4761114036744765	3.7753170339114037	8640.939708210091
8.201426377016215	0.0003761753279583933	1.349305572760611	6.037418277971657	8887.823699873235
8.201471805113322	0.0006981390969431152	-1.7309661211671663	2.0163342164443385	9134.707691536383
8.201514405336782	0.0009771583232674463	0.15306307852514045	4.278435465802293	9381.591683199524
8.201548800609533	0.000547324089388571	-2.596776532588899	0.2573514075059409	9628.475674862671
8.201589912494912	0.00033483413032544423	-1.0546672711244516	2.519452657868774	9875.35966652582
8.201628951945745	0.00054691671817429	1.5931624465236964	4.781553912645241	10122.24365818896
8.201667121775717	0.0004207062026536216	-1.9012887566389434	0.7604698617834087	10369.127649852107
8.201710738875988	0.0005873574949181039	1.700431182957377	3.02257111990491	10616.011641515255
8.201754811045102	0.0010967255846954086	-2.634019979181452	5.284672381682292	10862.8956331784
8.201788097572589	0.0005309556856805911	0.5408507052201732	1.263588338387442	11109.779624841543
8.201830726303292	0.0005252110408331541	2.1025283081505557	3.5256896050598687	11356.663616504691
8.201870660549233	0.0006681457833126606	-1.5502979025571422	5.787790872744295	11603.547608167835
8.201909994412908	0.00043097294779018965	1.0995517595977862	1.766706837154242	11850.43159983098
8.201950638686618	0.0005225709890033449	-1.2860321363716372	4.028808111358959	12097.315591494127
8.201997265473128	0.0010119684613672372	0.5837112077941911	0.007724080428469726	12344.199583157271
8.202031548350485	0.0006465328958157821	-2.376168964532408	2.2698253583512287	12591.083574820419
8.202066761552112	0.0004357820246914064	-0.674325982180247	4.531926636710893	12837.96756648356
8.202109905939995	0.0005804324256582487	1.7250769594542175	0.5108426111555593	13084.851558146707
8.202147610761978	0.00036687800380939443	-1.7490872028013302	2.772943896132329	13331.735549809855
8.202190368945628	0.0007015475581767061	1.6893508601596692	5.035045185493738	13578.619541473
8.202231588023214	0.0008394199550595187	-2.8634909254658427	1.013961168462247	13825.503533136143
8.202271675455828	0.0007963378607667286	0.6930993278918545	3.276062461956969	14072.387524799291
8.202310342475885	0.00038271050491827573	-2.791326535910464	5.538163757138453	14319.271516462435
8.20234856358203	0.00034506620001053905	-0.3964447236026321	1.5170797483156404	14566.15550812558
8.202390382708439	0.0006119882757729851	2.41702068941654	3.7791810466972984	14813.039499788727
8.202434235106072	0.0010932291010123136	-1.706547267517739	6.041282348266186	15059.923491451871
8.202468456614358	0.0005224865827919376	0.24849490359277251	2.0201983442843297	15306.807483115019
8.202515193243439	0.0010718356429641593	-2.992608021537869	4.28229964949154	15553.69147477816
8.202553254037785	0.0008503982327737645	0.054729456155883344	0.26121564957618837	15800.575466441307
8.202590943093398	0.000770407808943056	2.78175112699298	2.5233169575420575	16047.459458104455
8.202634408019556	0.0009634859086230107	-1.115694248127194	4.785418269689821	16294.343449767595
8.202671382233673	0.0008009674680867739	0.8853544154941866	0.7643340492046411	16541.22744143074
8.20271103028931	0.0006804249000170609	-1.7802898809192058	3.0264350073046096	16788.111433093887
8.202749126911545	0.0006374940408906104	-0.25643303590991995	5.2885359680946955	17034.995424757035
8.202794835749074	0.0010274598771776045	2.5422929167907595	1.2674516250712395	17281.879416420175
8.202833570432961	0.0010433062043720953	-1.1365401864038558	3.5295525923569557	17528.76340808333
8.202871635118422	0.000781824713575144	1.1685266243033903	5.791653560927208	17775.64739974647
8.202906324594034	0.00034110873594495733	-1.5561680457401816	1.770569226788874	18022.53139140961
8.202954741405595	0.0009504270918623103	0.505217421903378	4.032670202661146	18269.415383072766
8.202988755292916	0.000667805604801186	-2.3617255110298245	0.011585873852401285	18516.299374735907
8.203028675185333	0.0003366490235182532	0.1959390556004119	2.273686853952263	18763.183366399047
8.203067266554546	0.00037536203541898975	2.7397443371426173	4.535787835825659	19010.067358062202
8.203111773853669	0.0007532633760044175	-0.8599110579427729	0.5147035129740427	19256.951349725343
8.203153935972066	0.0011058274763602594	1.0968441311912265	2.7768044992130854	19503.835341388483
8.203184729773598	0.00039767505619859477	-2.342234314567692	5.038905489791455	19750.71933305164
8.203232059872253	0.00089281483730332	-0.39562367143780364	1.0178211752586064	19997.60332471478
8.203274247652644	0.0010267869323557209	2.50933380863777	3.2799221705190513	20244.48731637792
8.203315034670654	0.0009855209648353036	-1.1760853307245291	5.54202316937463	20491.371308041074
8.203349216927743	0.0007334134453497694	1.0948404389306114	1.5209388633489622	20738.255299704215
8.203389059914924	0.00041701635277785156	-1.4628990050110617	3.783039866512565	20985.139291367363
8.203435523931926	0.000984562540372276	0.3371889970139174	6.045140871848377	21232.023283030503
8.203471868295495	0.0009191993762356208	-2.730489496885836	2.024056571893327	21478.90727469365
8.203508586315131	0.000618087877263304	-0.06787307115107756	4.286157581152385	21725.7912663568
8.203548816836031	0.000647329117260101	2.4709137830311825	0.2650732852939308	21972.67525801994
8.203594103578903	0.000979147656446638	-1.4776244708425268	2.527174297812575	22219.559249683087
8.203630437230247	0.0008320533696948674	0.35249734201229577	4.789275312240245	22466.443241346235
8.203669466300726	0.0007165395657275779	-2.335109248154125	0.7681910227581517	22713.327233009375
8.203708254555309	0.0002558374855350095	-0.5543058544606332	3.0302920411661027	22960.211224672523
8.203746659395193	0.0004997940738022005	1.8227496424763432	5.292393063320372	23207.09521633567
8.203785913918168	0.00042399016026101584	-1.7358245303316926	1.2713087809146106	23453.97920799881
8.203827785147485	0.0004585117946684751	1.9150496121781837	3.533409808234913	23700.86319966196
8.203872653742776	0.0010973329517120056	-2.263376937258214	5.795510837897554	23947.747191325107
8.203904360324373	0.00039248235399884016	0.27839554437693836	1.7744265636751795	24194.631182988247
8.203951860228097	0.000891751186049214	2.3206080136508285	4.036527599927215	24441.515174651402
8.203991805007448	0.0010341074931791365	-1.2136793136627166	0.01544333192608427	24688.399166314543
8.20403123826289	0.0009321475689907731	1.2401781919458843	2.2775443721360986	24935.283157977683
8.204068198689338	0.00044418396660229377	-2.6985730660650087	4.539645413331115	25182.167149640838
8.204109145556949	0.0007832910933732702	1.0137026644129923	0.5185611500922951	25429.05114130398
8.204146432830216	0.0005044139365972316	2.575801514077871	2.780662195888226	25675.93513296712
8.204194802557558	0.0010039926068832264	-0.6900429416113996	5.042763245534026	25922.819124630274
8.204233525840067	0.001083431724198398	2.096751091706131	1.0216789903982892	26169.703116293414
8.204273579009145	0.0011021112439192078	-1.7825259847761163	3.2837800455335504	26416.587107956555
8.204310837361396	0.0007777405506710496	0.35624269946605747	5.545881103545886	26663.47109961971
8.204348468641347	0.0006607208137246064	-2.4126559386405675	1.5247968563566365	26910.35509128285
8.204390368207125	0.0007908194602513888	-0.8730755316420089	3.7868979181826057	27157.239082946
8.204434191504598	0.0010105885921439725	2.19688942287889	6.048998982724129	27404.12307460914
8.20447451600791	0.0009371394988782565	-1.2839787884040013	2.0279147430499567	27651.007066272286
8.204514916740987	0.0009533419687194326	1.1394364795711958	4.2900158127064	27897.891057935434
8.204547356487454	0.0006481311530379453	-3.046528667561191	0.2689315768639329	28144.775049598575
8.2045892870998	0.0006597335524427273	0.7158484593349916	2.53103264983584	28391.659041261722
8.204628685457553	0.0006829161750501871	2.1833173682723066	4.79313372561272	28638.54303292487
8.204673490306005	0.0010913744178655965	-1.1517225541840133	0.7720494968604505	28885.42702458801
8.204713015274336	0.0011206599212012607	1.5201905111658653	3.0341505771235937	29132.31101625116
8.204752263736642	0.0010954069367153116	-2.4412029194144913	5.296251660288121	29379.195007914306
8.204789555329512	0.000638852572300068	-0.31881862757766605	1.275167438278368	29626.078999577447
8.204830349353895	0.0007963750849603692	-3.0491593168599778	3.537268525935377	29872.962991240594
8.204868585142544	0.0004611033688288063	-1.5303481318597898	5.799369615477087	30119.846982903742
8.204910653542719	0.0008686803681028666	1.321488207679072	1.77828540091752	30366.730974566883
8.204953623255339	0.0009286392791230446	-2.237441635016345	4.04038649666457	30613.614966230038
8.204989728119404	0.0007731890529435511	0.14407109723876999	0.019302286661536883	30860.498957893178
8.205026066595341	0.00034461530725847625	-2.9222921283720864	2.281403385488291	31107.38294955632
8.205072737429283	0.0010996542266211318	-0.5007591810616446	4.543504485289753	31354.266941219474
8.205105902978483	0.00048683261381441296	2.3486218172374413	0.5224202812076033	31601.150932882614
8.205147122044924	0.0005728331353904981	-2.3235290192072204	2.784521386018522	31848.034924545755
8.205189716864542	0.0006554666795722229	0.1395873676433051	5.046622494718617	32094.91891620891
8.205226155685782	0.0003582211192830035	2.858860475154519	1.0255382993983808	32341.80290787205
8.205269629362327	0.0007319065035400987	-0.012209781181861999	3.2876394134856763	32588.68689953519
8.205308656972718	0.0007404184120260297	1.5637398055726521	5.5497407270557595	32835.57089119834
8.20535272046768	0.0008841048550147653	-1.2847009026062983	1.5286572543111046	33082.45488286148
8.205388671707041	0.0005963120416380002	1.6772552746220255	3.7907590900553285	33329.338874524634
8.205429528036113	0.000593332334671267	-2.037270632393574	6.052860929055816	33576.222866187774
8.205470714970696	0.0009220908487683946	0.2794378983719053	2.0317774631760557	33823.106857850915
8.205513351352769	0.001017614922919513	2.161808779296087	4.293879306505097	34069.99084951407
8.205546007515728	0.000530396925946572	-0.910546785495555	0.27279584467192386	34316.87484117721
8.20559093580161	0.0008441339409638858	0.680679998818693	2.5348976917698636	34563.75883284035
8.205632032189483	0.0010859023817777662	-2.7911602158148825	4.7969995425446985	34810.642824503506
8.20567191546782	0.001055518736483474	-0.2498190113233473	0.7759160888280823	35057.526816166646
8.205709450189813	0.0008336819010207377	1.9634782546872922	3.03801794400189	35304.41080782979
8.205746682175043	0.00028657273606260363	-0.9760622219041523	5.300119801803095	35551.29479949294
8.205793956106337	0.0009682689850241673	1.1968113909907923	1.2790363543423258	35798.17879115608
8.20582787378949	0.000669447196297028	-1.8054079878629223	3.5411382154530777	36045.06278281922
8.20586694776413	0.0003553319413239878	0.6028731980218401	5.803240078367431	36291.94677448238
8.205906268657802	0.0004010183899849634	3.1106943382160632	1.7821566369748485	36538.83076614552
8.205949843150218	0.000791752656415147	-0.5613705350686267	4.044258505020763	36785.71475780866
8.205992321293692	0.0011102952656792612	1.3163589665217434	0.023175068506110286	37032.598749471814
8.206023801442512	0.0004530863512274048	-2.038776298258017	2.2852769415423015	37279.482741134954
8.206070272961197	0.0008551704146450567	-0.3196765311625045	4.547378815816843	37526.366732798095
8.206110735946082	0.0010346751386231465	2.451696218583796	0.5262953850427543	37773.25072446125
8.206150797103554	0.0009725874006400647	-1.3469690153073286	2.7883972635122234	38020.13471612439
8.206187377409142	0.00062985227071287	0.8361119682801785	5.050499144664343	38267.01870778753
8.206225523848232	0.0004763224489629717	-1.5606029090009994	1.0294157217601239	38513.902699450686
8.206269561258702	0.0007897421271522436	-0.06689230898511002	3.2915176089673346	38760.786691113826
8.206310115278908	0.0009306396290598654	-3.066569853264102	5.553619499887912	39007.67068277697
8.2063486435408	0.0007803689399620836	-0.2670250835739891	1.532536086202093	39254.55467444012
8.206390204682139	0.0008794474841865977	2.1760669512759154	3.794637981126801	39501.43866610326
8.206431220241907	0.0011137942441651193	-2.004433428728968	6.056739879165968	39748.3226577664
8.206466158638468	0.0006396687506272802	-0.054970978407006474	2.0356564727563455	39995.20664942956
8.206512588362141	0.0010573653295030767	-3.1348108494421645	4.297758375563854	40242.0906410927
8.206542666076578	0.00044972481135659365	-0.5445644944752114	0.2766749721928772	40488.97463275584
8.206584872183223	0.00038763394112724175	1.2504517747708623	2.538776877801128	40735.858624418994
8.206625346364044	0.00030314227846667605	-2.2662354839035435	4.8008787863907525	40982.742616082134
8.206665884709622	0.000640103336441752	0.9536151125545271	0.7797953901773553	41229.62660774529
8.20671142344419	0.0009279157295300171	2.716292499124724	3.041897302810373	41476.51059940843
8.206746775749243	0.0005305720908333955	-0.1107958093860566	5.303999217430995	41723.39459107157
8.206784209640858	0.00042286125507911914	1.2658563222594048	1.2829158271053203	41970.278582734725
8.206826796653443	0.0007001108893280257	-2.4523754768906367	3.5450177450713802	42217.162574397866
8.206864847728646	0.0006102707086160863	0.05641463657674849	5.80711966547906	42464.046566061006
8.206904063636621	0.00044687201786366943	-2.908057492577343	1.7860362815937467	42710.93055772416
8.206951332404666	0.0011287149844426052	-0.6709389231640887	4.048138206620756	42957.8145493873
8.206981508264153	0.0004072159599428535	1.7248894622587767	0.02705482735871101	43204.69854105044
8.207029689599535	0.000863496366051018	-2.57327156247056	2.289156756847344	43451.5825327136
8.207069386607218	0.0009891865488024186	0.06271571856036473	4.551258687529236	43698.46652437674
8.207108396743166	0.0008381052297158243	2.4111832361743697	0.530175313588698	43945.35051603988
8.207145641142311	0.00028682796523661055	-1.3249081728986323	2.7922772486350524	44192.23450770303
8.20719037455661	0.0008657367260211236	1.9883157846813322	5.0543791872556305	44439.11849936617
8.20722606692206	0.00023190846853665998	-2.3930342144383085	1.0332958209252183	44686.002491029314
8.207267952524118	0.0007451669982001866	0.07376933884212034	3.295397764814507	44932.88648269247
8.207311896595384	0.000900580440447861	2.799966860290501	5.557499711935562	45179.77047435561
8.20734868975723	0.0008033630797350923	-1.1077782167673076	1.5364163546533138	45426.65446601875
8.207382122804393	0.00036775780759208627	1.760815374046961	3.7985183057545178	45673.538457681905
8.207430196922695	0.0010829549202620219	-1.7906447206386342	6.060620258860874	45920.422449345046
8.20746148658528	0.00041834318189308	0.3932047354817218	2.0395369062141135	46167.306441008186
8.20750921842556	0.0008777841883221348	2.4763640395663504	4.3016388626796624	46414.19043267134
8.207549806186767	0.0009933282141403607	-1.250123828726653	0.28055551344846474	46661.07442433448
8.20758842210364	0.0007880085145783232	1.0536687340248143	2.542657472844448	46907.95841599762
8.207623578051168	0.00032299537296674556	-2.07007315840667	4.804759435247512	47154.84240766078
8.20767267998562	0.000996228319671087	0.33118412506014183	0.7836760925536179	47401.72639932392
8.207704569375899	0.00034726621497957016	-2.9119557573354165	3.045778058687601	47648.61039098706
8.207744499118748	0.0004340812277223199	-1.5527849414668529	5.307880027651789	47895.49438265021
8.207784492184768	0.0005477960386340628	1.0277212949263048	1.2867966921276262	48142.37837431335
8.207823452567528	0.00032523816252670265	-2.4470049446457645	3.5488986661462945	48389.262365976494
8.207868240515763	0.0007545089408223954	0.9067325909034437	5.8110006418077305	48636.14635763965
8.207910950733112	0.0009419471141159321	2.512141776371765	1.7899173131602772	48883.03034930279
8.207949938413037	0.000948634204775873	-0.5833809582722238	4.052019294214199	49129.91434096593
8.20798323938384	0.0005045046340046045	1.850934649125591	0.03093596948844457	49376.798332629085
8.20802185727668	0.0004355005072504328	-2.1896600021446484	2.2930379530636174	49623.682324292226
8.20806477492853	0.0006362005261003502	0.5540180321322012	4.555139936791686	49870.566315955366
8.208111424314195	0.0010787016328365246	2.613521343730153	0.5340566160394715	50117.45030761852
8.208144979596403	0.00041919619882573386	-1.7963178136712972	2.7961586044059814	50364.33429928166
8.208190673171272	0.0009852709833004457	1.0664547280196137	5.058260596613678	50611.2182909448
8.20823139039447	0.0008669709885875027	-2.248092457380482	1.0371772849381191	50858.10228260796
8.208269592335096	0.000825423568853029	0.3527631242620477	3.2992792838530995	51104.9862742711
8.208312835095484	0.0009247948484332261	2.5432089545420293	5.561381285923411	51351.87026593424
8.208344513552507	0.0005160189810008921	-1.8296518720263484	1.5402979833874682	51598.75425759739
8.208388219069935	0.0008462918435701435	1.7650903678419283	3.8023999903812062	51845.63824926053
8.208422489270166	0.0003214886418955621	-2.6180254016318187	6.064501999902675	52092.522240923674
8.208466615090996	0.0007240314136119964	-0.4733914274964234	2.0434187050286674	52339.40623258683
8.208508225653611	0.0007966437535408865	2.004331952851786	4.305520719732961	52586.29022424997
8.208541929430703	0.0004967846388127996	-1.7398244301600356	0.28443742951062223	52833.17421591311
8.208588659300633	0.0008482995392450493	1.4770638758660921	2.5465394479743715	53080.058207576265
8.208629386655927	0.0009162014712740431	3.0486001250039245	4.808641468779462	53326.942199239405
8.208672004574492	0.0010580955704658755	-0.16927504492765502	0.787558184892367	53573.826190902546
8.208706594607671	0.0007264640635703645	2.5423322171401925	3.0496602098749968	53820.7101825657
8.208745639625356	0.0006917989814749618	-1.250574086480072	5.311762237785302	54067.59417422884
8.208792277740873	0.0009458324090014934	0.9567869772874943	1.2906789612902134	54314.478165892
8.20882677633641	0.0007379619572097721	2.7026113694865863	3.552780994433609	54561.36215755514
8.208866022597276	0.0007049750463250723	0.011879298624422911	5.814883029530395	54808.24614921828
8.20890545170592	0.00028165548021228255	1.5662714699357259	1.793799760335288	55055.13014088143
8.20894531917256	0.0006087967571382401	-2.3485111736839177	4.055901800346718	55302.01413254457
8.208984186575698	0.000590431671364343	0.16897965654725902	0.034818536405952116	55548.89812420771
8.2090236280201	0.000343816085514086	-2.9808693164519497	2.296920580836945	55795.78211587087
8.209069794911173	0.0010233918735119065	-0.3529468813641155	4.5590226257224336	56042.66610753401
8.209102842725763	0.0005657087059984055	1.3495920564022597	0.5379393659006428	56289.55009919715
8.209151608322749	0.0011405363305385836	-2.2047892607426665	2.8000414151825286	56536.434090860304
8.209191250553333	0.0011346532667329732	0.48734078665862235	5.062143466683292	56783.318082523445
8.209230828224575	0.0011376461196140812	2.85022797314071	1.041060214433628	57030.202074186585
8.2092701855293	0.0010428421412675658	-1.4027620796960996	3.303162271953962	57277.08606584974
8.209302523123943	0.0003603591291581514	1.2592661752945025	5.565264333060793	57523.97005751288
8.209350307784057	0.0010362619001369469	-2.6322328601189664	1.5441810898232644	57770.85404917602
8.209387045246531	0.0007046178054052699	0.44390604010244206	3.806283155530143	58017.73804083918
8.209423566287798	0.0004083475134569371	3.065295133035534	6.0683852236943014	58264.62203250232
8.209464793854343	0.0005124058805398327	-0.6634814794922804	2.047301987060669	58511.50602416546
8.20951060628743	0.0008700147016793286	1.421143839925212	4.309404059412299	58758.39001582861
8.209544616099265	0.0005531553259331991	3.06256461954787	0.28832082628273614	59005.27400749175
8.209588648217041	0.0008748764954518216	0.2841481775822052	2.550422901891242	59252.15799915489
8.209625827820874	0.00038549748877471184	3.002523399661646	4.812524979804762	59499.04199081805
8.209662852809727	0.0003245311236405864	-1.488645159931641	0.7914417520182049	59745.92598248119
8.209703185946882	0.0003887403596094688	1.2884549978375153	3.0535438336669856	59992.80997414433
8.209749676467101	0.0008746091558935757	-2.3840074780759557	5.315645918493202	60239.693965807484
8.209791894774074	0.0010552993202849958	-0.6993390635509815	1.2945626994122428	60486.577957470625
8.209827819434233	0.0007992787006051499	2.4315912959002084	3.5566647902780626	60733.461949133765
8.209862697079194	0.0005015555997582902	-2.2129742836204884	5.818766883495674	60980.34594079692
8.209906746579323	0.0006993397882327615	-0.00030806575506987983	1.7976836726058387	61227.22993246006
8.209945079472325	0.0005299732433353644	2.4431570007464316	4.0597857721512725	61474.1139241232
8.209983245858279	0.0005620734979119268	-0.4986380955507327	0.038702567156118306	61720.997915786356
8.210030576311036	0.0010494265409009826	1.3344810315257891	2.3008046701378966	61967.8819074495
8.210063471505453	0.0004641515187940786	-1.8324485174294254	4.562906773730735	62214.76589911264
8.210106842995554	0.00043490101031652223	-0.5615359913882702	0.5418235731253347	62461.64989077579
8.210146159315986	0.0005796737806889766	1.9259691894813935	2.8039256824829764	62708.53388243893
8.210185175413368	0.0003517558298892821	-1.8563072698540448	5.06602779506974	62955.41787410207
8.210225760041947	0.0005176200337775778	1.9567180343263535	1.0449446034751402	63202.30186576523
8.210272157730502	0.0009313924619540945	-2.7311818729402124	3.3070467222745075	63449.18585742837
8.210307774444773	0.0006444316805615216	0.5449344850697582	5.569148844894302	63696.06984909151
8.210343316868071	0.00034735906787966184	2.1979526338973634	1.5480656638115828	63942.953840754664
8.210383143180696	0.00049891297447494	-1.9013019637222583	3.810167790753537	64189.837832417805
8.210421983073793	0.0004121239077741599	0.9184421147519588	6.072269920073855	64436.721824080945
8.210469336264067	0.000897270541750231	-2.519654796414193	2.0511867444937124	64683.6058157441
8.210511237461969	0.001017658016948274	-0.8967652460679618	4.313288877785304	64930.48980740724
8.210550938495476	0.0009814913194850265	2.1852119583407905	0.29220570532982126	65177.37379907038
8.21058261770373	0.0004989993636911977	-1.83380721511617	2.5543078422281784	65424.257790733536
8.210622135882248	0.00043928174045867335	0.2619037897571771	4.8164091998745855	65671.14178239668
8.21066350434448	0.0005343657660908748	3.0936997251982383	0.7953246060407784	65918.02577405985
8.210712502098408	0.0010341975207670915	-0.9978012196922958	3.057425321795133	66164.90976572296
8.210747864005336	0.0005847156232046106	0.611171541997532	5.3195260407625975	66411.79375738613
8.210792242384565	0.0009924285673961817	-2.5949473919932653	1.2984414552471453	66658.67774904927
8.210828151409693	0.0007046987200900838	0.30537963056413936	3.5605421786357656	66905.56174071241
8.210866171801161	0.0006143399939211961	2.867130454455463	5.822642904951521	67152.44573237555
8.210911427281564	0.0008199301574872035	-1.2109490360895656	1.8015583274498397	67399.32972403872
8.21094888538955	0.0007430137596941787	0.5080801794071129	4.063659059185863	67646.21371570183
8.210986906234307	0.00047514312612279165	-2.0670733997332027	0.042574487026204366	67893.097707365
8.21102552792416	0.0005316342536118507	-0.9802540231375907	2.3046752228422545	68139.98169902814
8.211072452659762	0.0008966113414219179	1.8533509435861417	4.566775959512673	68386.86569069128
8.211113240781511	0.0009671827524715661	-1.9344083732267334	0.5456913914254287	68633.74968235442
8.21114894116727	0.0007911198733221674	0.23611013688945084	2.807792132853601	68880.63367401759
8.211183704680106	0.00043399102803064746	-2.8637399476498544	5.069892877268727	69127.5176656807
8.211232427627884	0.001148818271983663	-0.8732811670929563	1.0488083175138065	69374.40165734387
8.211267474431207	0.0007413516418360936	2.0234598703415356	3.310909067742356	69621.28564900701
8.211301599699134	0.00047967275230734305	-2.4040302325781897	5.573009820522312	69868.16964067015
8.211341825465004	0.0004991026726767297	-0.13735057417013322	1.551925269038259	70115.05363233332
8.211384113602898	0.0006350879121207244	2.752740793687641	3.814026026194755	70361.93762399643
8.211432527414027	0.0011831218275548804	-1.4573568028198849	6.0761267856490315	70608.8216156596
8.21146375260599	0.0005180849650053673	0.461510452357778	2.05504223988625	70855.70560732274
8.211510984082983	0.0011157343473118934	2.9857909756558327	4.317143003546088	71102.58959898588
8.211553144342892	0.001074348737515357	-0.5773122531994994	0.29605846163315075	71349.47359064902
8.211592897501106	0.0010324965092247131	1.8192453132508901	2.5581592284899983	71596.3575823122
8.211630664106407	0.000996814595662673	-2.4290847126568673	4.820259997251252	71843.2415739753
8.211666839180198	0.0003427106237270237	-0.3407774372112702	0.7991754608322408	72090.12556563847
8.211713150667759	0.000935411333840475	2.7618086727065516	3.061276233494686	72337.00955730162
8.211745506601167	0.00040193223251885717	-0.5078093669986838	5.323377007970111	72583.89354896476
8.211786789381552	0.00019446671006361152	1.0777251188299382	1.3022924784574865	72830.7775406279
8.211826410257867	0.00019655999735639166	-2.4163940856209756	3.5643932583412905	73077.66153229107
8.211867104304337	0.0005905073776414711	0.5546807358229808	5.826494039894909	73324.54552395418
8.21191330859281	0.0009549690690791792	2.2144691704311783	1.805409517115331	73571.42951561735
8.211946435872159	0.00039512582936393064	-0.967366958670463	4.067510303580136	73818.31350728049
8.211987045540985	0.0007114583773159707	0.38807459516097786	0.04642578576042666	74065.19749894363
8.212032594981062	0.0010056261203090127	3.0137387806342324	2.3085265763419294	74312.08149060677
8.212072164188339	0.0010102442511655855	-0.930232875694232	4.570627367842679	74558.96548226994
8.212104133846323	0.0006518311878332728	1.2917574795774864	0.5495428552889638	74805.84947393305
8.212148560127243	0.0008412136387281227	-1.7513969182020537	2.8116436526947854	75052.73346559622
8.212190258038609	0.0009547462931730771	-0.23571976374140685	5.073744453275575	75299.61745725936
8.212231421670829	0.0012225387127887577	2.6096989362301417	1.0526599492614404	75546.5014489225
8.212270845000718	0.0010548259463766209	-1.1187732440870817	3.314760755584033	75793.38544058564
8.212311966233727	0.0011054727122088949	1.1719540229869538	5.576861565291196	76040.26943224881
8.212351821014973	0.0012281416470059838	-3.1290453836477883	1.5557770713222823	76287.15342391192
8.212384245287177	0.0005909552738949664	-1.1000384549542739	3.8178778862745304	76534.03741557509
8.212432152033882	0.0011665006890287414	1.7170951418817662	6.0799787040432145	76780.92140723823
8.212465156203438	0.0006414995739585115	-1.8613302877058764	2.058894216808504	77027.80539890137
8.2125025647744	0.00039137179263472956	0.17988747527827734	4.320995039455761	77274.68939056451
8.212542566100101	0.00041487957232410277	2.798837275414226	0.2999105571159353	77521.57338222768
8.21259067066842	0.0008361594196595069	-1.1117094223684225	2.562011383321522	77768.4573738908
8.212628280558928	0.0008085518139558242	0.4136503103486268	4.824112211808598	78015.34136555396
8.212668438790383	0.0006767794901039808	-2.461107899112002	0.8030277354370199	78262.2253572171
8.212705939734937	0.00015609133598079982	-0.7122614352091767	3.065128568301393	78509.10934888024
8.212747154198631	0.0002847625106179737	1.0212015079179326	5.327229403888449	78755.99334054338
8.212787054677188	0.0001171960523979452	-2.2965601793354726	1.3061449356202628	79002.87733220655
8.212826562360256	0.0005659599058169455	1.2073641511537199	3.568245776640567	79249.76132386966
8.212870461247347	0.0007557211929531644	2.5763150490626354	5.830346619593817	79496.64531553283
8.212907043711501	0.000605319103357613	-0.20536382151198582	1.809262158912757	79743.52930719597
8.212944805570489	0.0001882106912002236	1.4426630376422556	4.07136300754333	79990.41329885912
8.212983291388486	0.000359099656614065	-2.9082393830573388	0.050278551527251025	80237.29729052226
8.21302387282384	0.00028111718445572803	-0.03402085490864562	2.3123794043989427	80484.18128218543
8.213068993381691	0.000741928765198958	2.965069331402142	4.574480258785203	80731.06527384854
8.213112796363724	0.0010018652395587981	-1.7687293777787447	0.5533958089219446	80977.9492655117
8.213148963455433	0.0008157843989449595	1.3243619060237215	2.815496668283842	81224.83325717485
8.213181721118245	0.00046748632324685645	3.0885920218299745	5.077597530148342	81471.71724883799
8.213222737340653	0.0006170921243679562	-1.1298824743279687	1.0565130879294857	81718.60124050113
8.213261546200135	0.0005350459414172225	1.4738810462511296	3.318613955606738	81965.4852321643
8.213309435793457	0.0009494533597771143	-2.0139386619981288	5.580714825796316	82212.36922382741
8.213352498013085	0.0011844125158926042	-0.34899469785077747	1.559630391317583	82459.25321549058
8.213389497394905	0.001006049514487787	2.5882841485116725	3.8217312653487494	82706.13720715372
8.213420629245345	0.000596455772199219	-1.7458789917545794	6.083832140608063	82953.02119881686
8.213462097408037	0.0006497545989942443	0.31335220950243753	2.062747711010468	83199.90519048003
8.213501180649224	0.0006012612496439087	2.9635042576394457	4.3248485900448275	83446.78918214314
8.21355170997697	0.0010997628722124108	-0.7915258775242148	0.30376416363136816	83693.67317380631
8.213590333207833	0.0010416549540378846	0.8374250635619115	2.565865046154375	83940.55716546945
8.213632651678502	0.0011318324175104873	-2.4980895152788767	4.827965931157009	84187.44115713259
8.213663001360196	0.0006345608599462361	-0.10947996485344764	0.8068815115134518	84434.32514879573
8.213702050935355	0.0005139962588022119	2.055359189183578	3.06898240138071	84681.2091404589
8.213744741536157	0.0006918588854336667	-1.661738384241747	5.331083293917928	84928.09313212201
8.213792428051834	0.0011252386067765994	0.31717211881737617	1.3099988822316213	85174.97712378518
8.213826115737128	0.0005070199667368145	2.0647167448645165	3.5720997795553986	85421.86111544832
8.213871825794314	0.001060656828519553	-1.452493171627047	5.834200679022732	85668.74510711146
8.213911239007189	0.0008556735830374299	1.3322303791139176	1.8131162741189986	85915.6290987746
8.213949084166861	0.0007544503733693058	-2.5090059372804636	4.07521717882382	86162.51309043777
8.213993293065064	0.0009026805381349082	-0.4114573291690229	0.05413278022691781	86409.39708210088
8.214028339188514	0.0007282101765362426	1.2294082071468153	2.3162336902689873	86656.28107376405
8.214065659064259	0.0004962673991984858	-1.4242107870784764	4.5783346010908685	86903.1650654272
8.214107411205978	0.00044801976926261435	-0.5436492219954071	0.5572502072324763	87150.04905709033
8.214149352628054	0.0007548931071486131	2.2632313622261497	2.8193511226018657	87396.93304875348
8.214190512410735	0.0007651495050664382	-1.5687234150366844	5.081452040919233	87643.81704041664
8.214226145133265	0.000523206782083724	0.47560493704942985	1.0603676551193573	87890.70103207976
8.214267259868889	0.0003204395120737122	-1.8229979476213514	3.32246857935249	88137.58502374293
8.214312779805871	0.000832866302578673	-0.5263239302723168	5.584569506814533	88384.46901540607
8.21434766446905	0.0006730690510902378	2.6985713699506118	1.5634851309975737	88631.3530070692
8.214386991877971	0.0003219209388457424	-1.1662404457938622	3.8255860638966	88878.23699873235
8.21442702608796	0.00033564026573150863	1.0995810155516075	6.087686999256668	89125.12099039552
8.214468469123897	0.0007164513248128896	-2.8314639613202117	2.066602630260739	89372.00498205863
8.214512919902615	0.0010437200309094123	-1.1550895548934903	4.32870357053558	89618.8889737218
8.21454524901187	0.0004114863398345437	1.5863336864782065	0.30761920550862154	89865.77296538494
8.21459109016291	0.0009351481575259655	-3.056274613358518	2.569720149676238	90112.65695704808
8.214633215789819	0.0011794422074196964	-0.4380583712311339	4.831821097140156	90359.54094871122
8.21467395071931	0.0012224554835361947	1.8745877016383983	0.8107367397067007	90606.42494037439
8.214711779126288	0.0010678224074009046	-2.3687296307291326	3.072837692258698	90853.3089320375
8.214742534101768	0.0005988806365042971	0.40462613618838444	5.334938647000888	91100.19292370067
8.214794532624788	0.0013399008966831318	2.4850921945011404	1.3138542964364426	91347.07691536381
8.214828921192671	0.0009953855942449808	-1.0782656397128674	3.575955254798627	91593.96090702695
8.214862161115922	0.0007176823052350896	1.000904166859025	5.838056215170858	91840.84489869009
8.214902809531887	0.0007587539443110471	-2.985336419835147	1.8169718710348164	92087.72889035326
8.214949814365628	0.0011392762129291895	-0.5479845714796517	4.079072836904088	92334.61288201637
8.2149948800517	0.001481015555625364	1.2925069294979694	0.05798849918248905	92581.49687367954
8.215023264078413	0.0008929315959896851	-2.3766438151559646	2.3200894701128796	92828.38086534268
8.215069431836985	0.0012094753047357887	-0.623176778095024	4.582190441527974	93075.26485700582
8.215115268808033	0.001512956508568156	1.7864353176157766	0.5611061084233535	93322.14884866896
8.21515474037652	0.001510242670226306	-2.2434546060931333	2.8232070844026147	93569.03284033213
8.215186423416077	0.0011476027440203316	-0.06592802042205062	5.085308063642047	93815.91683199524
8.21522791460673	0.0011994569123280358	2.769755209320793	1.0642237384371942	94062.80082365841
8.215272574407257	0.0014476419655632346	-1.7727284098256808	3.3263247228366133	94309.68481532155
8.215315108600745	0.0016500667008581995	0.8664949048193044	5.5884257111508004	94556.5688069847
8.215351427555616	0.0014432121281167842	-3.0199605902068853	1.5673413949348953	94803.45279864784
8.215392870379505	0.0015258476314332688	-0.7775479428439467	3.8294423873235566	95050.336790311
8.215435695059936	0.0017543761869223352	1.257743822125941	6.091543382333831	95297.22078197412
8.215463063803728	0.0011897470417322844	-2.9848682267581554	2.070459072264768	95544.10477363729
8.215515759842596	0.0017412276700874206	-0.3808507224743166	4.3325600714866495	95790.98876530043
8.215543058338815	0.0011916533116777786	1.9668533425883463	0.31147576537453325	96037.87275696357
8.215579162146668	0.0010994478952352457	-2.278945359474809	2.573576768587845	96284.75674862674
8.215618997549054	0.0011255788693322057	0.07029520641510154	4.835677774315323	96531.64074028985
8.215670755017454	0.001526599447688231	2.5063395488619884	0.8145934759483753	96778.52473195302
8.215716279474211	0.0017929981144295007	-1.903100902612643	3.076694486614901	97025.40872361616
8.215746516453416	0.0014121995852604103	0.7325976911205989	5.338795499509933	97272.2927152793
8.21578105239624	0.0012913569440686356	2.5855459386367414	1.3177112077283368	97519.17670694244
8.21582881863292	0.0015470196495675254	-1.4998876968307688	3.5798122250085993	97766.06069860561
8.215864895487528	0.0014420590387208786	0.7751606807366399	5.841913244640803	98012.94469026872
8.215900364960532	0.0013123538000179575	-2.9256514721467983	1.8208289591932125	98259.82868193189
8.21595796318565	0.0020196329810489378	-0.7413866094329632	4.082929984105805	98506.71267359503
8.21597816281712	0.00133753953844124	1.5133270192914765	0.06184570530785116	98753.59666525817
8.216030352966893	0.001747929779896598	-2.768837331537606	2.3239467351248333	99000.48065692131
8.21607621947432	0.001985038480830266	-0.4610949312897919	4.586047765846686	99247.36464858448
8.216112995363094	0.0018865446340785167	1.7541056100791734	0.5649634918060729	99494.24864024759
8.21613768882999	0.0014942436639943572	-2.132658805982204	2.827064526990359	99741.13263191076
8.216197539436461	0.0021665070408316556	0.2877331152419176	5.089165564214448	99988.0166235739
8.216217041763613	0.0016012392670209743	2.35312009754893	1.0680812969167768	100234.90061523704
8.216275112720664	0.0021433245558711775	-1.7730532865720066	3.330182338699867	100481.78460690018
8.216319624623926	0.0023459605466744533	0.5387096603982857	5.592283382839952	100728.66859856335
8.216355830747784	0.002269178123904683	2.7389045739839655	1.571199123290679	100975.55259022646
8.216376240181095	0.001851123123507027	-1.2040463152872825	3.833300172626023	101222.43658188963
8.216438287820695	0.0025243638149524896	1.2165948423557458	6.095401224663716	101469.32057355277
8.216455040262682	0.0019984982200739517	-2.96977515410198	2.074316970830168	101716.20456521591
8.21651448550993	0.002532875205341349	-0.8124201742835631	4.3364180264532255	101963.08855687905
8.216560941290245	0.002765950573658293	1.4754701093750033	0.3153337768254154	102209.97254854222
8.216592102913332	0.0026749731450268397	-2.588862764456964	2.5774348364795454	102456.85654020534
8.216612310918187	0.002372772186331168	-0.19743983380705166	4.839535898451249	102703.7405318685
8.216684146856238	0.003192194961729474	2.0929807676738377	0.8184516557912831	102950.62452353165
8.216692635390801	0.0026299218977440648	-1.9467584692871005	3.080552722605674	103197.50851519479
8.216743442269198	0.002988475773216207	0.15736257812859683	5.342653791998348	103444.39250685793
8.216790519443924	0.0032662106358529053	2.40940169013798	1.3215695568358008	103691.2764985211
8.216816009882312	0.0031858664819044576	-1.5953027866033356	3.5836706311515276	103938.16049018421
8.216858410715345	0.003364123980591786	0.8260465966951511	5.845771707767611	104185.04448184738
8.216930247594656	0.004073685130325482	2.94591463981655	1.8246874792900716	104431.92847351052
8.21694528577011	0.0038686443878452824	-0.9454958095077672	4.086788559803826	104678.81246517366
8.216964168740647	0.003797930734197151	1.2114567794398943	0.06570433703511647	104925.6964568368
8.21700444311077	0.0040432721380849555	-2.8431017921451684	2.3278054224383276	105172.58044849997
8.217045227696987	0.004290700685856604	-0.5249764350073499	4.589906510133226	105419.46444016308
8.21712749796847	0.005109558699009694	1.749186027745306	0.5688222941255789	105666.34843182625
8.217136808652652	0.005000992279682797	-2.400664390398302	2.8309233872339696	105913.23242348939
8.217219800323347	0.005782905220482965	-0.06067087439041168	5.093024483258734	106160.11641515253
8.217230401246471	0.005749100765961175	2.236715195506428	1.0719402754052378	106407.00040681567
8.217263437333553	0.006009021513724528	-1.7955287103706408	3.3340413774687265	106653.88439847884
8.217332496588062	0.006657831999348059	0.4453714717799737	5.596142481571801	106900.76839014195
8.217375182900012	0.007033329834721239	2.613001797712709	1.575058281057066	107147.65238180512
8.217362393214106	0.006988075427848527	-1.3328857701618542	3.837159389933586	107394.53637346826
8.217424448763365	0.007620925765710063	0.8387215483226864	6.099260501320465	107641.4203651314
8.21751418735821	0.008457086176803973	3.120880580471959	2.0781763073604296	107888.30435679457
8.21755896145052	0.008974066930779961	-0.8988435990693637	4.340277422819534	108135.18834845768
8.217564082204152	0.009252473993937922	1.3368321547977438	0.3191932329442846	108382.07234012085
8.217534837932085	0.009390759253574514	-2.640770449216603	2.581294352131682	108628.956331784
8.217692741659759	0.010711112425337687	-0.3933863556850896	4.843395472609856	108875.84032344713
8.217642323584373	0.010829665255421372	1.9003108179844754	0.8223112880692689	109122.72431511027
8.217641812286216	0.011327834589014289	-2.1510645587628625	3.0844124128632124	109369.60830677344
8.217677210525192	0.0120571226960697	0.10926403874656308	5.346513540110701	109616.49229843655
8.217746884378846	0.01298828396084559	2.3963289742415155	1.325429362749075	109863.37629009972
8.21791542608967	0.014392249361473907	-1.6415340861587722	3.587530494086497	110110.26028176286
8.21778342911647	0.014542652584613534	0.617314081139347	5.849631627079574	110357.144273426
8.217970373939773	0.01605187029444874	2.8691692959132684	1.828547455094201	110604.02826508915
8.218052548934224	0.017171001506939884	-1.1239131010796632	4.090648592685175	110850.91225675232
8.218099126976854	0.018198230017141485	1.1454349091880762	0.0695644268432849	111097.79624841543
8.218096626919852	0.019119306796861107	-2.8835300473390406	2.331665568932401	111344.6802400786
8.217954108756635	0.01967755405008192	-0.5938031757576145	4.593766712515839	111591.56423174174
8.218241748153341	0.0215756509180759	1.6838913928655335	0.5726825517451468	111838.44822340488
8.218087593039002	0.02223622517248122	-2.3055729080995984	2.834783699573441	112085.33221506802
8.218054451801976	0.023286567046073736	-0.036097559380307793	5.096884849657352	112332.21620673119
8.218089171939019	0.024548192473429507	2.2497913178588673	1.0758006958200852	112579.1001983943
8.218221070123189	0.026032779306732035	-1.7334701135665163	3.3379018512942538	112825.98419005747
8.218474282482333	0.0277378218538615	0.5409834303973156	5.600003010362131	113072.86818172061
8.218197969163178	0.028258248572243128	2.8445053742755664	1.5789188655046225	113319.75217338375
8.218397196630383	0.02972478660068727	-1.1565204630282198	3.8410200294821153	113566.63616504689
8.218593150381672	0.03105337484749101	1.1503958755597254	6.103121196117671	113813.52015671006
8.218626730769737	0.03195239003798065	-2.8291437756602837	2.0820370569555653	114060.40414837317
8.218462831100013	0.03230457378572182	-0.5255225544083653	4.3441382271788775	114307.28814003634
8.218421722547967	0.03270552112027532	1.8012320267995265	0.3230540916615938	114554.17213169948
8.218702235903239	0.03351697686581981	-2.1897961645454966	2.5851552650725296	114801.05612336262
8.218736623050992	0.033628301115882546	0.13910246608423266	4.847256441374549	115047.94011502576
8.218600369790922	0.033210928167345236	2.4478543791454057	0.8261723120236821	115294.82410668893
8.218668770556258	0.03297525038289581	-1.527657137433526	3.0882734918361496	115541.70809835204
8.21892504942468	0.032865313674256824	0.7723689758780296	5.3503746747513485	115788.59209001521
8.218751458179929	0.031793536843836456	3.055602558314845	1.329290553124764	116035.47608167835
8.218897293849894	0.031202687552179132	-0.9085588204777519	3.59139174130521	116282.3600733415
8.218698739443472	0.029800428435854287	1.3733163768056549	5.853492932762115	116529.24406500463
8.218782239494857	0.028892138644417177	-2.6323931013154924	1.832408819271329	116776.1280566678
8.218805684840078	0.02782095679603327	-0.34879882468274986	4.0945100145629185	117023.01204833091
8.218886681422042	0.02684062078737425	1.9416278834961687	0.07342590723014997	117269.89603999408
8.219192201949197	0.026419317997581505	-2.0846619076670723	2.3355271096250405	117516.78003165722
8.218938911116895	0.024713993234514127	0.18602392552204708	4.597628313689926	117763.66402332037
8.219075322687665	0.0239597974990855	2.4220725955203752	0.5765442138712213	118010.5480149835
8.21921103537836	0.023318267207286955	-1.6112437829546145	2.838645423641717	118257.43200664668
8.219202037717432	0.02235479682755083	0.6311063435138431	5.100746636599858	118504.31599830979
8.219109869816638	0.02123929600119945	2.8809559289572806	1.079662545838274	118751.19998997296
8.21935042356698	0.021169195475515056	-1.152358872538708	3.3417637646024767	118998.0839816361
8.219207848010873	0.02008352226214164	1.0521524630871846	5.6038649861045	119244.96797329924
8.219420796860765	0.02017923926061974	-3.0166665908321884	1.5827809031970652	119491.85196496238
8.219505600666103	0.020027234433688666	-0.789646224877063	3.844882129411807	119738.73595662555
8.219516497967517	0.01975233088063955	1.4181410998781396	6.106983358031673	119985.61994828866
8.219397824437024	0.01922654129665493	-2.652835116744637	2.0858992815832966	120232.50393995183
8.219523640348541	0.019585598197491054	-0.40754396660697245	4.3480005149572865	120479.38793161497
8.21948713104343	0.019580436760034826	1.7714998296088442	0.32691644350165117	120726.27192327811
8.21969841390468	0.02048101214608361	-2.2911951806804924	2.589017681350075	120973.15591494128
8.219758981032154	0.021034394156152932	-0.06330933380572452	4.851118922090954	121220.03990660439
8.219788159568687	0.021623303353401215	2.1493611433641107	0.8300348573559369	121466.92389826756
8.219649310506561	0.02188919041543013	-1.9128677057914194	3.0921361017116524	121713.8078899307
8.219745074930369	0.022905786299401095	0.34898734377425633	5.354237348888555	121960.69188159384
8.219720741745624	0.023746404318679255	2.557706578049682	1.333153291692911	122207.57587325698
8.219965368162164	0.025339926130050067	-1.475958735028264	3.595254543274164	122454.45986492015
8.22003477595364	0.02656893659131221	0.7812495830384639	5.857355796165653	122701.34385658326
8.220051826009014	0.027774493690630724	3.0309727911496034	1.8362717438302347	122948.22784824643
8.219846577394097	0.028572464606982883	-0.989766955323057	4.098373000272419	123195.11183990957
Running time: 0 hours 3 minutes 7.4572741985321045 seconds.
