500
8.2
8.22
8.0
8.199999999999998	0.000999999999999857	0.0	0.0	0.0
8.200033586093976	0.0007198665574885497	-1.3843579168311297	4.524202186719425	493.76798332629085
8.200077329473682	0.0010242066016317947	-1.6377334842695874	2.7652190897140834	987.5359666525817
8.200116951161895	0.000859348859259519	-2.492207442939818	1.0062359543241417	1481.3039499788724
8.200158113176316	0.0009204568619849273	2.3081121351363545	5.5304381376362395	1975.0719333051634
8.200194873706716	0.0007793316162956612	2.180263503397924	3.77145502923108	2468.8399166314543
8.200233405551694	0.0006924873626078611	1.1542126634062062	2.0124719448994774	2962.607899957745
8.200278868059131	0.0010286952203156828	-0.3194996761198656	0.2534888700098712	3456.375883284036
8.200312820667746	0.0004994626168145867	-0.5875865585181662	4.777691113164605	3950.1438666103268
8.200352248656905	0.0005248286068411127	-1.619879245526581	3.0187081855070197	4443.911849936618
8.200397567034573	0.0010619349288166528	-3.035771939454436	1.2597253271236504	4937.67983326291
8.200430230065887	0.0003584221078251885	2.631152615118602	5.783927782227311	5431.4478165892
8.200472604438092	0.00039464558878059985	1.8966174102340287	4.02494494817971	5925.21579991549
8.200516999310844	0.0010652800806874034	0.5017102727410547	2.265962132029479	6418.983783241782
8.200549191532136	0.0004713226272325797	-0.25803741588534623	0.5069793330459582	6912.751766568072
8.20059078990735	0.0004313850072618376	-1.1159329833359766	5.031181856347377	7406.5197498943635
8.200639211507788	0.001018211287453644	-2.4813891524322296	3.272199078448664	7900.2877332206535
8.200674540338966	0.0006524530042274844	-2.986598911046422	1.5132163174507474	8394.055716546944
8.200713134551032	0.0006761935430945474	2.2212400409524578	6.0374188744623005	8887.823699873235
8.200758274530559	0.000968163798451189	0.5893153386092828	4.278436130929736	9381.591683199527
8.200794464412205	0.0008277085755327226	0.3568381875957651	2.519453400285718	9875.35966652582
8.200836224669134	0.0009852129438381715	-0.7569717917154126	0.7604706811307853	10369.127649852107
8.200875344526816	0.0008758741332544631	-2.573150218696363	5.28467328718949	10862.8956331784
8.200919082814734	0.0009944998403421663	-2.9906482365319187	3.525690603081317	11356.663616504691
8.20095973927802	0.001021127133534519	2.2484671559940304	1.7667079294905825	11850.43159983098
8.200988607615425	0.00044823108084528793	0.892340102778962	0.007725265886836752	12344.199583157271
8.201035956603986	0.0009838341490502412	-0.10289246998673249	4.531927917126743	12837.967566483563
8.20107391563198	0.000763699939587564	-1.264784376554258	2.7729452725883768	13331.735549809855
8.201113239215394	0.0005645068507655731	-0.9926168868007461	1.0139626418903775	13825.503533136143
8.201149124892348	0.0004203069134301015	-2.9634189875942254	5.53816533667004	14319.271516462435
8.20118938079852	0.00036692017902342224	2.6714908704258686	3.779182745102586	14813.039499788727
8.201239886906873	0.0010049460537470808	1.684431339288749	2.0202001724084564	15306.807483115019
8.201273821558148	0.0007495780531605411	1.2159300934958244	0.261217611551543	15800.575466441307
8.201317170891791	0.0010152159916916766	-0.031999525828942096	4.785420370411993	16294.343449767599
8.201354517288223	0.0006825950197049929	-1.9303359827034012	3.026437251003099	16788.111433093887
8.201396223071084	0.0009506087847297677	-2.653515816382719	1.2674540158201184	17281.879416420175
8.20143326213645	0.0006964883138389543	2.4671665560146683	5.7916560935134145	17775.64739974647
8.201475760700541	0.0007761704198514742	2.534368796094423	4.032672880279467	18269.41538307276
8.201508822554567	0.0003895198255996073	1.1172927532216086	2.2736896868101457	18763.183366399047
8.201550871077222	0.0005940206562440693	0.4512789147255952	0.5147065025397435	19256.951349725343
8.201595912063908	0.000861862653418482	-1.4111559138927752	5.038908643272274	19750.71933305163
8.201638036198409	0.0010754833864797247	-2.0048857830082407	3.279925489937268	20244.48731637792
8.201677621437677	0.000996705434060597	2.8696823700345773	1.520942355129531	20738.255299704215
8.201710295840345	0.0005257311716310466	2.6756684451606647	6.045144535923768	21232.023283030503
8.20175237995129	0.0002400665766389998	1.2729353260363947	4.286161415423522	21725.7912663568
8.201794096289314	0.0006696006717763523	0.8365484859811974	2.52717831232553	22219.559249683087
8.201837133604089	0.0009103892781224688	-1.2123120066438413	0.7681952190738306	22713.327233009375
8.201876965014726	0.0010560888604081546	-2.034912277052452	5.292397446384728	23207.09521633567
8.20191274051375	0.0007266115473963178	2.8600500525633965	3.533414375986992	23700.86319966196
8.201954042614611	0.0008593492691107467	2.882098389577529	1.7744313175450568	24194.631182988247
8.201993539532952	0.0006356713165592918	1.8978901022515622	0.015448268842273905	24688.399166314543
8.202038413325486	0.000983186871242129	0.5388349373949117	4.5396505331092305	25182.16714964083
8.202072247501635	0.00036270389306163845	-1.3161811785856534	2.78066750671956	25675.93513296712
8.202110615117371	0.0005671131498109138	-2.244275487608551	1.0216844949189285	26169.703116293414
8.202149109713947	0.0003894113438464949	-2.3681265005043595	5.545886807589589	26663.471099619703
8.202196468040588	0.001062820549256738	2.280264038883947	3.7869038229182963	27157.239082946
8.202238540658167	0.001030610449345063	1.412653556467471	2.027920849470936	27651.007066272286
8.20227222175039	0.0007264658048341629	-0.06029371668143162	0.2689378870628447	28144.775049598575
8.202315787795493	0.000953067678889574	-0.1974759723023651	4.7931402428990575	28638.54303292487
8.202355598681395	0.0008253835592772071	-1.2088241488313711	3.0341573038404146	29132.31101625116
8.202397538452319	0.0010452593220494034	-2.7814843097294206	1.2751743714738746	29626.078999577447
8.2024313427688	0.0003853385712244386	-3.1342169398243556	5.799376755552994	30119.846982903742
8.202471264741268	0.00034184559152187474	2.0325808226774815	4.040393844265759	30613.61496623003
8.202516143764177	0.0009640276965322301	0.8675683260626487	2.2814109558943017	31107.38294955632
8.20255023901537	0.0004450261715683313	-1.045826287708848	0.5224280810895277	31601.150932882614
8.202591865052712	0.00048340705437841067	-2.2906885164964046	5.046630528653739	32094.918916208902
8.202631725040813	0.0005696387455238178	-2.0311335755684374	3.287647684999143	32588.68689953519
8.202671725257893	0.0007051972119493184	2.0924531602109253	1.5286657630375942	33082.454882861486
8.202715464273817	0.0008470757945588981	0.9956373750105529	6.052869674025493	33576.222866187774
8.202749058601011	0.0003168236866393648	0.5320339865725087	4.2938882945577745	34069.99084951407
8.202793724002008	0.0008110511560288354	-1.067378481826401	2.534906932450628	34563.758832840365
8.202835911446696	0.0008702236383155072	-1.9758549172881048	0.7759255764645516	35057.52681616666
8.202866789557078	0.00037914900909395336	-2.7517168434899104	5.300129538859409	35551.29479949294
8.202915129916352	0.0010180747607479138	2.1414342080076874	3.5411482057577026	36045.06278281924
8.202954733993014	0.0009489891262420043	1.0660025031061273	1.7821668823200163	36538.83076614553
8.202990447548618	0.00029060042984132385	0.12574896800967345	0.023185564846052387	37032.598749471814
8.203037331773565	0.0009903813363359442	-0.9643190420371857	4.547389560729864	37526.36673279811
8.20307638410305	0.0010297779561892779	-2.12319891508424	2.788408258396764	38020.134716124405
8.203109061143483	0.00032681075954258103	3.0370476380487235	1.0294269657316315	38513.902699450686
8.2031537360467	0.0008433642745080894	1.905010794753852	5.55363099750154	39007.67068277698
8.2031946598163	0.0008163014339698277	0.8990325963341456	3.7946497371631027	39501.43866610328
8.20322925638625	0.0004286037056050246	0.5809908285476821	2.0356684893525028	39995.20664942956
8.20327518268341	0.0008218238561656654	-1.4331228587705551	0.27668725088252444	40488.97463275585
8.203312685455135	0.0006728235530486513	-2.6467572957083587	4.800891329622402	40982.74261608215
8.20335182352908	0.0005980478036082818	-2.4641027807969094	3.041910113356664	41476.51059940843
8.20338871484406	0.0004131802017343492	1.758681489211542	1.2829289031407	41970.278582734725
8.203427651710856	0.0004008282790135573	0.8276055692442038	5.807133009154067	42464.04656606102
8.203477593959455	0.0009665658854378321	0.1192028826956151	4.048151818733384	42957.8145493873
8.203510037727616	0.0003662355972317524	-0.6717502954740447	2.2891706403922853	43451.5825327136
8.203552462760937	0.0005984065624985038	-1.5751019499056922	0.5301894781697971	43945.35051603989
8.2035984826632	0.001009136653004808	2.782382389145794	5.054393637783115	44439.11849936617
8.20363769055207	0.0010222356503113699	2.1032848805359086	3.295412500358388	44932.88648269247
8.20367853815945	0.0010462649670415819	0.7604395328976286	1.5364313749446321	45426.654466018765
8.203711780304776	0.0004348193575201695	-1.018933075137748	6.060635566239111	45920.422449345046
8.203756637647235	0.0008936228084064846	-1.76997710460232	4.30165445688547	46414.19043267134
8.203793650102773	0.0007782135232633021	-3.0213542120172048	2.5426733616688164	46907.95841599764
8.20383333123179	0.0007123887485516213	3.0240123277582622	0.783692274935782	47401.72639932392
8.20387071256935	0.00030965944196639404	1.132425656067735	5.307896508575236	47895.49438265021
8.203911274204398	0.0003923374170338381	0.991956676240765	3.5489154502175375	48389.26236597651
8.20395836004094	0.000971813417886803	-0.8437183252598202	1.7899344067066174	48883.030349302804
8.203995541786087	0.0010398483247388108	-1.553864780685734	0.030953373609643897	49376.798332629085
8.204036553526247	0.0011114761208305584	-3.0290756336394176	4.555157649532867	49870.56631595538
8.204070037057429	0.0003230086363812012	1.8554241706184829	2.7961766298452577	50364.334299281676
8.204111062521978	0.0006253288538759027	0.47089867238169963	1.0371956218374425	50858.10228260796
8.204148397514635	0.0003345132136349783	-0.23158389489232575	5.561399939086105	51351.87026593425
8.204195736691101	0.0010974106842261478	-1.0327357787696578	3.8024189635564727	51845.63824926055
8.20423386886144	0.0008111405309402825	-1.9337427752077045	2.0434379981853414	52339.40623258683
8.204277719568273	0.0009637314364012755	2.9449501435477634	0.28445704129744254	52833.174215913124
8.204309686886832	0.00032170724068603595	1.1509994116774227	4.808661408069977	53326.94219923942
8.204351425628932	0.0007006988205069982	0.16690736422484098	3.0496804791602408	53820.7101825657
8.20438670629041	0.0004255712971258328	-0.7962146313577144	1.2906995668911252	54314.478165892
8.204436255015846	0.0010902999482268242	-1.602647855913428	5.814903973071283	54808.24614921829
8.204472887797097	0.0008145100389125542	-2.463522216594179	4.055923085865675	55302.01413254457
8.204517274396498	0.000983713961651712	2.36715202599767	2.2969422213827	55795.78211587087
8.204549227130832	0.0003173168808347062	1.4280770537919671	0.5379613756995925	56289.550099197164
8.204588249471575	0.0005476641646673206	-0.40412484418069416	5.0621658493557	56783.318082523445
8.2046263698437	0.000428102780330177	-0.8647111974258005	3.303185023615101	57277.08606584974
8.204672980446983	0.000981817644031844	-2.589465093034597	1.5442042122625725	57770.854049176036
8.204717051318255	0.0009527133583695171	2.904799123356393	6.068408721340662	58264.62203250232
8.204753148418323	0.0007963033644815884	1.3843980083875644	4.309427938841145	58758.39001582861
8.204793081033136	0.000853811409112875	1.1109083919345828	2.550447170756879	59252.15799915491
8.20482905858399	0.000598104773645447	-0.10700344145911407	0.7914664145191583	59745.92598248119
8.204876078323434	0.0009677330908739549	-1.537120582288457	5.3156709781365	60239.693965807484
8.20490937158799	0.00031828680270329954	2.897847477939884	3.556690246440931	60733.46194913378
8.204947985703425	0.0004936268474278728	1.7216388980053334	1.797709527557167	61227.229932460075
8.204989609317797	0.0005003893022561856	1.6216455294733558	0.03872881824524743	61720.997915786356
8.205034239635058	0.0009818479503367773	-0.46327351042907766	4.562933424608749	62214.76589911265
8.205074056396946	0.0010330574775433913	-1.5596902061882603	2.803952738124101	62708.53388243895
8.20511101238641	0.000492096322888833	3.122091260442165	1.0449720688385549	63202.30186576523
8.205156320519356	0.0009608088143029513	2.8201509737930346	5.569176723369199	63696.069849091524
8.20519413780369	0.0010262641962282704	1.8155019589315964	3.8101960796284438	64189.83783241782
8.20523522826224	0.0009570997745712924	0.03312486721231936	2.0512154456304224	64683.6058157441
8.205274962626987	0.0008994841182829979	-0.48934888451678904	0.2922348240486494	65177.373799070396
8.20531114294989	0.0007331163643465933	-1.581905730680132	4.8164387378316595	65671.14178239668
8.205357171784629	0.0009675861849221155	2.980745782279923	3.0574552792613368	66164.90976572299
8.205391706286223	0.0006761585287390749	2.5698258558721516	1.298471833923374	66658.67774904927
8.20543243461545	0.0006718043796202051	1.3003989055167335	5.822673703393672	67152.44573237555
8.205475821212646	0.001117713058573733	-0.4539426745318051	4.063690275744679	67646.21371570186
8.205507677677645	0.0004639906946400183	-1.239550615239626	2.304706856454395	68139.98169902814
8.205548657193544	0.00039200355902406964	-2.2412112946418596	0.5457234531508419	68633.74968235442
8.205595890324652	0.0009657139757526472	2.4554486695945608	5.069925370045474	69127.51766568073
8.205630634136758	0.0005389324415956407	1.7582859983229395	3.3109419912572675	69621.28564900701
8.205669215690207	0.0005662476977849151	0.40170349995640786	1.5519586255057396	70115.05363233332
8.205716003225815	0.0010919089550568313	-1.2624597954057644	6.07616057351888	70608.82161565957
8.205747582830947	0.0004622435635588151	-2.036953666458951	4.317177222393169	71102.58959898588
8.205789110691041	0.0004975437646999758	-3.055592940063288	2.5581938871865386	71596.3575823122
8.205836624975838	0.0010316200995506219	1.4471073763201152	0.7992105645898864	72090.12556563845
8.205872016537352	0.0007307221162260587	0.7473119863547271	5.32341256679316	72583.89354896476
8.205911569567169	0.0007667510461832777	-0.590095008756674	3.5644292715730983	73077.66153229107
8.205953812219384	0.0010421212608272398	-2.5065195514365937	1.8054459829629739	73571.42951561732
8.205991624901769	0.0007554361119707184	-3.037207709221463	0.04646269993849028	74065.19749894363
8.206032056638623	0.0008518432035570546	2.0644133133198834	4.570664728184115	74558.96548226994
8.20607214875414	0.0007854396440555471	0.0922145984633058	2.8116814664425434	75052.73346559619
8.20611404487275	0.0011093581958889992	-0.6028715083812145	1.0526982216484662	75546.5014489225
8.206154713914472	0.001127702207868571	-2.015355966494163	5.5769003013111265	76040.26943224881
8.20618998729571	0.0005127864485301453	2.4187026605638366	3.8179170862503273	76534.03741557506
8.20623328303885	0.0009264606808556406	1.529468543772086	2.0589338822258547	77027.80539890137
8.206271810252558	0.0008089547029337848	0.2512959217377011	0.2999506920158135	77521.57338222768
8.206309487619123	0.0005144004549788385	0.018722487721169793	4.82415281946861	78015.34136555393
8.206348186952505	0.0006203171484368997	-2.2897452806870384	3.065169649203952	78509.10934888024
8.206386659863686	0.000464417969730836	2.7449761460510027	1.3061864930921558	79002.87733220655
8.206434631061944	0.0008990932794152573	2.216450386825904	5.8303886568019205	79496.6453155328
8.2064683541437	0.0003767859817003968	1.381581926127064	4.071405524999239	79990.41329885912
8.206509956567652	0.0006740365284137259	0.22569058503068126	2.3124224076064976	80484.18128218543
8.206555000781407	0.0009240682636906018	-1.9052387949368381	0.5534393034495437	80977.94926551168
8.206594408762903	0.0011169363596794594	-2.7464285485414353	5.07764151907708	81471.71724883799
8.206634402545243	0.0011176472867957335	1.985759170989327	3.3186584363916176	81965.4852321643
8.206667261539707	0.00032360567027883165	0.6365773705966948	1.55967536909636	82459.25321549058
8.206709336318365	0.0006388908147807901	-0.9908662342740332	6.083877619119909	82953.02119881686
8.20674763085729	0.00032405336807312784	-1.9462392743040948	4.324894570514067	83446.78918214317
8.206793773671713	0.0010452504964754664	-2.5584679835524953	2.5659115379723616	83940.55716546945
8.206832272283759	0.0007650163377045486	2.687712842150451	0.8069285205426171	84434.32514879573
8.20687591406403	0.000998251052523482	1.159463660380281	5.331130823408971	84928.09313212204
8.206911446869608	0.0006187211935345935	-1.036990017343681	3.572147830119392	85421.86111544832
8.20695232946719	0.0008436888137801905	-2.011157625036314	1.8131648454089326	85915.6290987746
8.206988128685055	0.00048083512908504776	2.889536723496113	0.05418186740275832	86409.39708210091
8.207033282839113	0.0009542834134312987	2.6636531882708425	4.57838420213832	86903.1650654272
8.207072009443532	0.0007191647376306362	1.5372412986706978	2.8194012404727147	87396.93304875348
8.207116004976816	0.0010425532608241588	-0.0571654492504621	1.0604182948298062	87890.70103207979
8.207151458066967	0.0005485552423059868	-2.205071811281601	5.5846206759928485	88384.46901540607
8.207191787062092	0.0007722916974748287	2.867202804667403	3.825637761810332	88878.23699873235
8.207230009297588	0.0002886343614006166	1.7989533544494194	2.06665485671998	89372.00498205866
8.20727647201252	0.0010360634885129068	1.0389110622595605	0.30767196644844574	89865.77296538494
8.207314261251046	0.0010286753405156302	-0.000851895520793635	4.831874397475788	90359.54094871122
8.207355418984658	0.001132078517970355	-1.764961404785449	3.0728915327132693	90853.30893203753
8.20738703860673	0.0004641906982092879	-2.6156642047111425	1.3139086789621617	91347.07691536381
8.207429492905662	0.0002893971683566535	1.7154501998607978	5.838111142213755	91840.84489869009
8.207470063438128	0.0006065481267420535	1.418693927288322	4.079128309589306	92334.6128820164
8.207509415943258	0.0005878651760112565	-0.9449877909518033	2.320145482566897	92828.38086534268
8.207554344235085	0.0008596298476353951	-1.9905476275707479	0.56116267032378	93322.14884866896
8.20758614176512	0.0004582775113896561	3.044434831037073	5.085365181221986	93815.91683199527
8.20763543376789	0.001144136888031213	1.9686805831060417	3.3263823939043706	94309.68481532155
8.207676400764626	0.001029749145210541	0.8050735835356457	1.5673996146748808	94803.45279864784
8.207712158606462	0.0009010935984794441	-1.017876609010028	6.0916021521994494	95297.22078197415
8.207750675279263	0.0007190447986040547	-1.3230374685892532	4.332619391318749	95790.98876530043
8.207791161095283	0.0006522270955019012	-2.483223255521685	2.573636642666102	96284.75674862674
8.20783491008497	0.001103242515140505	1.9907280415096087	0.8146539073164529	96778.52473195299
8.207866322205502	0.0004650937125883866	0.8046460459008606	5.338856493103956	97272.2927152793
8.207906522317579	0.0004012166836988467	-0.9825771424642373	3.5798737818239728	97766.06069860561
8.207953119144415	0.0007783930984573162	-1.7572368866309185	1.8208910794095274	98259.82868193186
8.207991167459578	0.00038762300921124025	2.1469467242475697	0.06190838669822529	98753.59666525817
8.208029086663617	0.00040338664531162335	0.9826935753569876	4.586111006600859	99247.36464858448
8.208071672266776	0.0006184868199614526	1.0576553972782197	2.8271283260814215	99741.13263191073
8.208109589992018	0.0006656150153986152	-1.374836272062358	1.0681456624367334	100234.90061523704
8.208152898662224	0.0008093555347329628	-2.7349470042818824	5.592348322008777	100728.66859856335
8.208185953301925	0.0004668595508543349	2.920374652966414	3.8333656834118854	101222.4365818896
8.208232571793877	0.0008681288670605433	0.7967817802005496	2.0743830616080743	101716.20456521591
8.208270996963726	0.0008109909648882195	-0.49091062251075523	0.3154004565231636	102209.97254854222
8.208309917450025	0.0002702999496458143	-0.8734740066025187	4.839603170263275	102703.74053186848
8.208352788684852	0.0008283824057700416	-2.9135524212912465	3.0806205868907384	103197.50851519479
8.208394194887262	0.0009193177319870606	2.0696142162078592	1.3216380121206042	103691.2764985211
8.208425300772834	0.0004399811960063934	1.1776819323268997	5.84584075416826	104185.04448184735
8.208473640962278	0.0009749977434914927	-0.749320474987952	4.086858199002457	104678.81246517366
8.208513085308514	0.0008941797037345635	-2.177328210722488	2.3278756504373703	105172.58044849997
8.20854827844859	0.00026113837486262613	-2.6786298170567515	0.5688931145936262	105666.34843182622
8.208589917750231	0.0006426884322677957	1.4417159201657606	5.093095896671214	106160.11641515253
8.208629111917265	0.0005841636490042424	0.2347132075768623	3.3341133812148565	106653.88439847884
8.20867123676229	0.0006438285727607526	0.057215181949146744	1.5751308792956973	107147.65238180509
8.208708400879777	0.0006053231930596414	-2.3616367597754255	6.099333691104304	107641.4203651314
8.208748515330903	0.0005638968535775743	2.5080024756196218	4.340351202896091	108135.18834845771
8.208792720343993	0.0008337063221058607	1.9526375959488746	2.5813687300056465	108628.956331784
8.208828590754255	0.00030829008288856815	-0.09246640444855672	0.8223862671853217	109122.72431511027
8.208869781938052	0.0002581398428848591	-0.7650327765500161	5.346589118096627	109616.49229843658
8.208915421784809	0.000968728565362482	-2.207108351374598	3.5876066710473853	110110.26028176286
8.208950904797621	0.0006577108834551787	-3.06453651787887	1.8286242385344291	110604.02826508915
8.208992832496032	0.0008554525926961641	1.7147842322466968	0.06964181650791357	111097.79624841546
8.20903476415508	0.0010732703929948978	-0.4474656530657814	4.593844708334272	111591.56423174174
8.209075212031589	0.001051835033939846	-1.3846829272653556	2.834862302886723	112085.33221506802
8.20911560709217	0.0010366259537433462	-2.9316930751541417	1.0758799115856439	112579.10019839433
8.209150443047475	0.00045542325949850655	1.2323223388839157	5.600082843104317	113072.86818172061
8.209193090556365	0.0008269358733413852	0.33712422464545994	3.8411004750486044	113566.63616504689
8.209229952055367	0.0006725958369056101	-1.0833746789241718	2.0821181162910047	114060.4041483732
8.209271302611107	0.0006670282812304152	-1.2903670895468395	0.32313577129690874	114554.17213169948
8.209304737793637	0.00043393848945741967	2.791432480389772	4.847338744614567	115047.94011502576
8.209344822164088	0.0004671107297179453	1.7504780121541204	3.088356419572337	115541.70809835207
8.209394046149322	0.001142120914811548	0.13837118312283084	1.3293741061926188	116035.47608167835
8.209430311032113	0.0007646870396378142	-0.870936142639626	5.85357711201916	116529.24406500463
8.2094738410062	0.0008977717154520019	-2.3843622121590364	4.094594821724581	117023.01204833094
8.209508482760308	0.0005236356217062709	1.6610937849105507	2.3356125423492475	117516.78003165722
8.20955433510803	0.000898607620477382	0.7483501725616655	0.5766302739263525	118010.5480149835
8.20959030365136	0.0007323777752834257	-0.7866421664620779	5.1008333212134325	118504.31599830982
8.209631446863469	0.0008398502032292934	-1.2643398329962432	3.341851072995616	118998.0839816361
8.209664528321378	0.00045995077845434605	-3.0618839642512468	1.5828688367699115	119491.85196496238
8.20970802973013	0.000653544134094172	2.064985924235072	6.107071915912578	119985.61994828869
8.209752455679055	0.0010031886900531489	-0.1337312605092281	4.3480896975633865	120479.38793161497
8.209795158005562	0.0009656282997798902	-1.1311067268013875	2.5891075004138457	120973.15591494128
8.209831755260462	0.0008434761616157104	-2.8282650354156353	0.8301253186901851	121466.92389826753
8.209869384667048	0.0004450796636306672	-3.0163091198021825	5.354328460046135	121960.69188159384
8.20990627084833	0.0002744544533226765	1.2085386192969523	3.595346306338463	122454.45986492015
8.209949414631806	0.0006202351797584916	0.3641407418234704	1.8363641604359593	122948.2278482464
8.20999426792943	0.0010565413890557356	-1.9239560511829144	0.07738202682112139	123441.99583157271
8.210033913168594	0.00118202223924402	-3.107551425787263	4.6015852077169495	123935.76381489902
8.210072371368298	0.0010475344897573195	1.3544840833558722	2.8426030961838595	124429.53179822527
8.21010611748868	0.0005760389432116589	0.7154257781294865	1.0836210051736437	124923.29978155158
8.210147187839203	0.0002596470519539824	-1.1046507920689677	5.607824239684802	125417.0677648779
8.210188043118746	0.0006300118470678608	-1.8784861816795129	3.848842176211719	125910.83574820415
8.210228151608364	0.0006580352443161565	1.9465533523030571	2.0898601279696543	126404.60373153046
8.210274154781379	0.0009436859437756827	0.8417264312398923	0.3308780927311714	126898.37171485677
8.210306544709544	0.0006176563687606401	-0.7693034654675117	4.8550813760000135	127392.13969818302
8.210352952020157	0.001119864755113973	-1.5733592464892208	3.096099362575149	127885.90768150933
8.210391632890392	0.0008967902496249318	-2.9002528732057766	1.3371173591599108	128379.67566483564
8.210433859621022	0.0011262770622171088	1.5385341020780523	5.861320671318562	128873.44364816189
8.210465707859388	0.0003205708207537951	-0.0029083902294846525	4.102338687382833	129367.2116314882
8.210508532552767	0.0003472053260281312	-2.033135532941737	2.343356713617359	129860.97961481451
8.210547054924982	0.0004677927856690512	-1.9586445938549062	0.5843747558996117	130354.74759814076
8.210588580412468	0.0006226557076241285	1.724688025688084	5.108578119904853	130848.51558146707
8.210632523828195	0.0008301104048334069	0.5867405400766921	3.3495993227330096	131342.28356479335
8.210664740159725	0.0004147546993328872	-0.7614255820395761	1.5906231260387171	131836.05154811963
8.210713460150627	0.0011680588040258691	-1.9625714597496962	6.114832246826765	132329.81953144592
8.210754243944107	0.0011688257609488596	2.9567987058685694	4.355856073014692	132823.5875147722
8.210793133516109	0.0010559603859279848	0.9599026679526338	2.5968799150081896	133317.35549809854
8.210831868722789	0.000842432419199337	0.18748052521501157	0.8379037709718418	133811.12348142482
8.210867562504623	0.0006267962907880837	-1.1646838855380177	5.362112942235437	134304.8914647511
8.210915438517366	0.0009604303899952401	-3.0427736059477297	3.6031368177198506	134798.65944807738
8.210948024910985	0.0003672476782891079	2.5408857860222285	1.8441607022074216	135292.42743140366
8.210989520944008	0.00034075384228152963	1.111007006103368	0.08518459491288954	135786.19541472994
8.211032352453683	0.0009851208368946165	-0.5946262426382165	4.609393804814161	136279.96339805628
8.211065589869914	0.00040580543750677145	-2.2695735438666267	2.8504177194330804	136773.73138138256
8.211104296017796	0.0004808869092348495	2.2560821843498835	1.0914416529730309	137267.49936470884
8.21115304259738	0.0009308581689600459	1.2693080183821432	5.61565091466783	137761.26734803512
8.211188023992133	0.0006043284898438267	-1.1125546702087221	3.856674880490816	138255.0353313614
8.211229609395442	0.0006058425343964405	-2.7356409540907642	2.0976988568038912	138748.80331468768
8.211268118970445	0.0005832955925767861	3.132533076093395	0.33872284439051725	139242.57129801402
8.211310039017338	0.00048355345679261926	0.4518858719470844	4.8629321509817345	139736.3392813403
8.211349228446451	0.000395160497014287	-0.9486371665086815	3.1039561605477015	140230.10726466659
8.211389401619655	0.0005969132793390087	-0.7958207448555463	1.344980176592304	140723.87524799287
8.211426098339224	0.0003481342458317144	2.925882236998527	5.869189510339467	141217.64323131915
8.211465745128821	0.0004146343416807102	1.6217589831245909	4.110213547470268	141711.4112146455
8.211512524322702	0.0009024979987806558	0.9066560100929211	2.351237588898714	142205.17919797177
8.211544844409357	0.0005328886695665969	-1.3458916066943167	0.5922616446749762	142698.94718129805
8.211585298286256	0.0005377146580413133	-2.9002946306729047	5.1164710163469564	143192.71516462433
8.211633320056036	0.0009815513047209785	2.4178060140545807	3.3574950907279923	143686.4831479506
8.21166579273063	0.000418790504554723	0.33057949332432623	1.5985191763704538	144180.2511312769
8.211706732337364	0.00032361751110998176	-0.9995872371871286	6.122728581480368	144674.01911460323
8.21175507216134	0.0009117499474598937	-2.1936335124878963	4.363752692364335	145167.7870979295
8.21178830484279	0.0003745998180167557	-3.126612918698956	2.604776822405668	145661.5550812558
8.211829382325867	0.0005514590848544299	1.7798564530071432	0.8458009708770113	146155.32306458207
8.211876271478186	0.0009508271305668793	-0.4930785328176018	5.370010434194672	146649.09104790835
8.211912494263485	0.0009407544240963507	-1.392841168211393	3.6110346028323193	147142.85903123464
8.211953379158057	0.0010953339519715743	-3.0566310888358474	1.8520587781627817	147636.62701456097
8.211991770186096	0.0008755345176285791	1.0042364785727285	0.0930829652969205	148130.39499788726
8.212035041607534	0.0012433533062633697	-0.1670999777090434	4.617292467525182	148624.16298121354
8.212075213877178	0.0012124270554167446	-1.8864615604618993	2.8583166749045823	149117.93096453982
8.212105254632231	0.00047199773957043044	2.728187068745278	1.0993408963706743	149611.6989478661
8.21215213170306	0.0009137490516198767	0.9487718888661146	5.623550438802703	150105.46693119238
8.212190970961396	0.000660291420041469	-0.752383961983928	3.864574684292173	150599.23491451872
8.212229616769426	0.0006067667910408776	-1.0032543715287274	2.1055989490314513	151093.002897845
8.212269610619435	0.0001337325414357976	-2.810855335494952	0.34662323268299033	151586.77088117128
8.212310023145193	0.0003938090161745793	2.78634790023855	4.870832837395051	152080.53886449756
8.212355079550152	0.0008779581482034655	0.34964418819631715	3.11185714689468	152574.30684782384
8.212392465711153	0.0009635666477098581	-0.6146523204192104	1.3528814697370173	153068.07483115012
8.212434187559131	0.001114463738593029	-2.4018210483200524	5.877091111430472	153561.84281447646
8.212465207934917	0.0005053801626716268	2.045736644186329	4.118115455628681	154055.61079780274
8.212513415613776	0.001017008674533559	0.3243384863621132	2.359139804595417	154549.37878112902
8.21254955649709	0.0007920990435009913	-1.353066455333955	0.6001641588654367	155043.1467644553
8.212594317136688	0.0010316688010974346	-2.2141606730854977	5.124373829535624	155536.9147477816
8.212625542421542	0.0005510927141948131	2.402638227943828	3.365398204814447	156030.68273110787
8.212670791396935	0.000771045456985659	0.9739688363060753	1.6064225954513294	156524.4507144342
8.21271196031704	0.0009060013038962512	-1.4389945498033807	6.130632304835442	157018.2186977605
8.212755721623854	0.000978737218927251	-2.586529807450727	4.371656717775947	157511.98668108677
8.212791575904763	0.0007795301919391692	1.8376737527632547	2.6126811495826683	158005.75466441305
8.212828637225567	0.000538013356135155	1.5805178528845527	0.8537055953221726	158499.52264773933
8.212869627792754	0.00024320140017288213	-0.01627895855692473	5.377915357856027	158993.2906310656
8.212910782805725	0.0006864698835123345	-1.4105092987100594	3.6189398243691127	159487.05861439195
8.212951424399105	0.0008263024943687462	2.3379428590123212	1.8599642993810832	159980.82659771823
8.212995231267747	0.00113634711588127	1.0773211629425385	0.10098878848486237	160474.5945810445
8.21303286059822	0.0009733621287262198	-0.7808371622414856	4.625198594381165	160968.3625643708
8.213071303574072	0.0009458815429464565	-1.6420660156130178	2.8662231080080964	161462.13054769707
8.213105026859667	0.0006230425749289084	2.8414781904956237	1.1072476440442163	161955.89853102335
8.21315224203093	0.0009789619894569421	1.3279687964881084	5.631457505067122	162449.6665143497
8.21319210537778	0.0009636174059789524	-1.0925049146163328	3.8724820702564604	162943.43449767597
8.213234143459472	0.0011510944166162195	-2.543164103416021	2.113506653559746	163437.20248100226
8.2132716836403	0.0007422154162924939	1.8194828856343714	0.3545312534672789	163930.97046432854
8.213314385562171	0.0009105364543826759	1.0650085763109574	4.878741170767035	164424.73844765482
8.213349553500294	0.0006080542770851455	-0.21635830522753566	3.1197657866911186	164918.50643098116
8.213395356848826	0.0008487417158294233	-2.164712144490899	1.3607904104966808	165412.27441430744
8.213429782298835	0.00010739097529338165	3.136617459633957	5.885000349267335	165906.04239763372
8.21346880597815	0.00015850518433891344	0.39586601655009557	4.1260249920029	166399.81038096
8.213510132543815	0.0005321996231159829	0.5151786015160438	2.3670496371441754	166893.57836428628
8.213549477633618	0.0006270604762473581	-2.2967685388283536	0.6080742865403366	167387.34634761256
8.21359419467179	0.0008880357346720265	2.6351524481916897	5.132284252560319	167881.1143309389
8.213625632619694	0.0004834107996438175	1.0666827948699331	3.373308919745639	168374.88231426518
8.213675047551503	0.0012242875328229335	-0.2193364147075125	1.6143335989782281	168868.65029759146
8.213714327060401	0.0012382986382295914	-1.7154653286112824	6.138543600457796	169362.41828091774
8.21375491159023	0.0012372508999363202	2.4909157232450716	4.379568306945556	169856.18626424402
8.21379107251122	0.0009855757539142473	1.4077977496374319	2.620593031172735	170349.9542475703
8.213827412644333	0.0007986524435505078	-0.306860877386664	0.8616177679287791	170843.72223089664
8.213876452309512	0.001282178886556793	-2.1391063079222037	5.385827821344743	171337.49021422293
8.213905068891643	0.0005921135446324168	2.1955544583034694	3.626852579534762	171831.2581975492
8.213947176632665	0.0006125575802152922	0.29346766163495425	1.8678773516809652	172325.0261808755
8.21399041637603	0.0007780254420397557	-0.6099287794479347	0.10890213743633481	172818.79416420177
8.214031920282212	0.0007045206119878941	3.0752991567006256	4.633112241837056	173312.56214752805
8.214072469693386	0.0007181206818145303	1.431177660428822	2.8741370551881342	173806.3301308544
8.21410778705639	0.00031809218065771683	0.9392612501518153	1.1151618871415625	174300.09811418067
8.214151408334429	0.0006726060633497363	-1.7202080830228885	5.639372038961388	174793.86609750695
8.214191152339662	0.0006373428337551797	3.0487549524445723	3.880396888793409	175287.63408083323
8.214230766602563	0.00021076042852634	3.034773019046972	2.1214217486282756	175781.4020641595
8.214271077740166	0.0006225454931116509	0.11755926530979689	0.3624466214583073	176275.1700474858
8.214312178860517	0.0006537825574464025	-1.3588244426682496	4.886656814735154	176768.93803081213
8.214350842516293	0.00038374422862022273	-1.7818438036622448	3.1276817135686343	177262.7060141384
8.214392137471126	0.0007757747779546916	1.8520070183463533	1.368706619925911	177756.4739974647
8.214433247553128	0.0008505871305545359	0.25371731810096254	5.892916839911019	178250.24198079098
8.21446902929613	0.0006149914521428018	-0.6263633807441545	4.133941767452299	178744.00996411726
8.214512842630757	0.0009742436741124239	-3.037095534707233	2.3749667095692004	179237.77794744354
8.214552910537885	0.0010160399380015812	1.568163868793536	0.6159916675702446	179731.54593076988
8.214588524665794	0.000842689402676758	0.5265914941143262	5.140201941696278	180225.31391409616
8.214631638678986	0.0010474451822274538	-1.8230719232442465	3.3812269162206605	180719.08189742244
8.214670420300502	0.0010341881537925984	2.754661054247114	1.622251899896889	181212.84988074872
8.214711279074413	0.0010528112932214253	1.6707831658770222	6.146462204267426	181706.617864075
8.214748247276168	0.0009559567707586997	-0.6492822651080308	4.387487215181184	182200.38584740128
8.214786642030294	0.0008988300654105164	-2.337234343831665	2.628512245343705	182694.15383072762
8.214835406438649	0.0012451129711502926	2.752961129106877	0.86953729408902	183187.9218140539
8.214864895279161	0.0007762583256137139	0.6464483225074548	5.393747660814644	183681.68979738018
8.214905100680438	0.0007399685595646856	-0.9549467303254212	3.634772732921802	184175.45778070646
8.214957741899536	0.0013689335837560458	-2.571705280878576	1.87579781773354	184669.22576403274
8.2149876398865	0.0007808192867951676	2.1323678164581183	0.1168229142870878	185162.99374735903
8.215029990236143	0.0008498430381042287	0.4732005754986043	4.641033328401973	185656.76173068536
8.215076630290428	0.0012507628547223284	-1.7512006623229612	2.8820584504753644	186150.52971401165
8.21511581011356	0.0010052369659232494	-3.009947982997694	1.1230835914395563	186644.29769733793
8.215157201608069	0.0010535770308652836	1.4594485195711184	5.647294049875934	187138.0656806642
8.215193637967333	0.0007597362644733396	-1.0226604323399664	3.8883192067620205	187631.8336639905
8.21523551081131	0.0010072180605209383	-2.277028084344554	2.129344378033883	188125.60164731677
8.215274424307934	0.0008921049233056261	2.088100490769337	0.37036956896281215	188619.3696306431
8.215309245833819	0.00016799011216012263	1.1014254701734951	4.894580083072947	189113.1376139694
8.2153534496059	0.000472088201379666	-1.847194060961788	3.135605304107772	189606.90559729567
8.215392226498405	0.00020298497813021836	2.3715539910112273	1.3766305362790092	190100.67358062195
8.215436062113916	0.0006231580191749887	2.455997152459975	5.900841086471056	190594.44156394823
8.21547070199199	0.0003236303042113433	1.7601356023535801	4.141866337137142	191088.20954727457
8.215513330842894	0.0005073533110423107	-0.2996947138346285	2.3828916011228536	191581.97753060085
8.21555101443881	0.0003584575245555639	2.5629024852323097	0.6239168775324604	192075.74551392713
8.215595079906036	0.0005626630057391071	1.8781887840547848	5.148127474043367	192569.5134972534
8.215631216696684	0.00040839363093345463	-0.1785036707710193	3.389152777135883	193063.2814805797
8.21567221512589	0.0005216381652570581	0.059623818351196047	1.6301780926904623	193557.04946390598
8.215711619206841	0.00018171007931844517	-1.1885167259673985	6.154388729565921	194050.81744723232
8.215753588051877	0.000527158734742745	3.0207370599453616	4.395414072986837	194544.5854305586
8.21579508603687	0.0007466300807339491	0.11267087009225987	2.636439436596069	195038.35341388488
8.21583532747973	0.0009739768821112057	-1.1272869089579762	0.8774648141390449	195532.12139721116
8.21587646561612	0.0009546534826203052	3.128556923937038	5.401675507860438	196025.88938053744
8.215910036151872	0.0005767061008221425	2.170163300274788	3.6427009080059065	196519.65736386372
8.215946110217882	0.0005340522227520647	-0.2797127280870768	1.8837263211417934	197013.42534719006
8.215988283344297	0.0006789730907129159	-1.475281955552206	0.12475175089992785	197507.19333051634
8.21603767743258	0.0013738380751873724	2.620900222368343	4.648962498533311	198000.96131384262
8.216077152357137	0.0014712955878219192	1.1350069042274669	2.889987954965374	198494.7292971689
8.216119963032124	0.0015966879689130163	-0.8588376414799035	1.131013429672267	198988.49728049518
8.216145318571247	0.0010789421864706886	-2.3519957088690515	5.655224225491412	199482.26526382146
8.216183792061491	0.00121178187542699	1.8662816191042801	3.8962497250234702	199976.0332471478
8.216225946496866	0.0013847343382710955	0.40424363415952996	2.13727523770795	200469.80123047408
8.216282315311094	0.0020993180745199403	-1.633657243984955	0.37830076618679964	200963.56921380037
8.21632385879335	0.0023544825324482367	3.027915240441721	4.902511618831047	201457.33719712665
8.216360975281304	0.0023732625347900865	1.1030040430640173	3.1435371781743373	201951.10518045293
8.216392027231018	0.002336927182962326	-0.37377007431636244	1.3845627434885568	202444.8731637792
8.216420718525033	0.0023317886630244956	-2.2109365790017246	5.9087736228862076	202938.64114710555
8.21647957024197	0.003026926892830933	2.3412488089693375	4.149799215015344	203432.40913043183
8.216502289521992	0.0029989761194526045	0.3603887978009217	2.3908248300600228	203926.1771137581
8.21655754639607	0.0035688350866578105	-1.4094513374872593	0.6318504636264652	204419.9450970844
8.216570206133516	0.003533972221807599	-3.0966524608138872	5.156061420650862	204913.71308041067
8.216659149959852	0.004656521762705867	1.428486184497019	3.3970870808128844	205407.48106373695
8.21669933594856	0.005091865678614613	-0.29397038144645415	1.638112752626225	205901.2490470633
8.216730269712773	0.005434958151824595	-2.1494626347219734	6.162323742329764	206395.01703038957
8.216757031091387	0.005865464694963346	2.4918904497191785	4.403349433592443	206888.78501371585
8.216778269939557	0.006327647117615147	0.7163375030747724	2.644375143314967	207382.55299704213
8.21687238218651	0.007539326994068249	-1.0770405175498912	0.8854008664906452	207876.32098036841
8.216827119311548	0.007652845019874237	-2.8528298976726525	5.409611901731314	208370.0889636947
8.2168629819989	0.008562893674783838	1.651606261422274	3.650637647940828	208863.85694702104
8.216945139895023	0.009842863219734842	-0.05944347099790601	1.8916634137875281	209357.62493034732
8.216963119063523	0.0108350214320889	-1.8815398209234195	0.13268919701275372	209851.3929136736
8.217025396903821	0.012173207401007616	2.6480305239288287	4.656900305472755	210345.16089699988
8.216998536175092	0.013214755681571919	0.9350154796156648	2.8979261233696896	210838.92888032616
8.21716384375742	0.015190333388529164	-0.8403490618892232	1.1389519525897036	211332.69686365244
8.217231820605017	0.01681535747527868	-2.575904535967352	5.663163098806601	211826.46484697878
8.217106039479871	0.017876757727331667	1.975036476974801	3.904188951300464	212320.23283030506
8.217355602767686	0.020218458890197653	0.252022130710479	2.1452148169762157	212814.00081363134
8.217407608817055	0.021888283111995557	-1.4671746001539263	0.38624069470304967	213307.76879695762
8.217276511718028	0.023002609190465317	3.084562697645395	4.9104518916245965	213801.5367802839
8.217487234842967	0.02486727750013962	1.3976391625051376	3.151477792007794	214295.30476361018
8.217511069871632	0.02595901774458842	-0.30348004929378897	1.3925037066141703	214789.07274693652
8.217496562844712	0.02659445887419056	-2.0249495219898144	5.9167149380629995	215282.8407302628
8.217538708472773	0.026952354607538812	2.587016775142219	4.157740871797849	215776.60871358908
8.21754986443264	0.026765317583854357	0.8894175588756819	2.3987668201007537	216270.37669691537
8.217684168915723	0.026414854610478027	-0.83478562801398	0.6397927890512758	216764.14468024165
8.21759112983481	0.02518262646418108	-2.520621861594222	5.164004083155752	217257.912663568
8.21762387000884	0.02398432457013969	2.0444944688440367	3.405030086932031	217751.68064689427
8.217799890911776	0.023000532991742657	0.2924535943255641	1.646056108282215	218245.44863022055
8.217710585213494	0.021248459364635455	-1.4241150331911063	6.170267449732168	218739.21661354683
8.21776180405261	0.019926164380902046	3.105932659633841	4.411293489909118	219232.9845968731
8.217880692587558	0.01891904276106249	1.3065784593113061	2.6523195449391057	219726.7525801994
8.217877239673332	0.017652368522954338	-0.441070209717606	0.8933456112841176	220220.52056352573
8.217935161926668	0.016795964050998022	-2.235249573810116	5.4175569936842995	220714.288546852
8.217934816613464	0.015945827588576926	2.201998148855731	3.6585830773447823	221208.0565301783
8.21804101966016	0.015739461508798548	0.4206019577804969	1.899609174163599	221701.82451350457
8.218088068979984	0.015560164397852228	-1.407028392532548	0.14063529029813182	222195.59249683085
8.217979320877513	0.015033849610297906	3.030620573148987	4.664846729789982	222689.36048015713
8.218159501417203	0.015941546195810792	1.2139767027440524	2.9058728807452283	223183.12846348347
8.218180577017822	0.01647990568529452	-0.6093509832838477	1.1468990440370277	223676.89644680975
8.218058693041119	0.01680015821438359	-2.395942137184692	5.671110525353769	224170.66443013604
8.218183269009742	0.018265230041449556	2.0653469333222394	3.912136710756174	224664.43241346232
8.21817156474932	0.019515913262351914	0.2844063432771592	2.153162908382731	225158.2003967886
8.218276318768316	0.02130552650822112	-1.4552294629291973	0.3941891145214669	225651.96838011488
8.218183100131009	0.02272640164465625	3.053432344869006	4.918400637734669	226145.73636344122
8.21822782544664	0.024627557398320014	1.3172503242925124	3.1594268666438117	226639.5043467675
8.218563048323519	0.027171307716694407	-0.4165492984091751	1.4004531043647717	227133.27233009378
8.218413741931075	0.028452059683425967	-2.1200227730256707	5.924664658016086	227627.04031342006
8.218543497407802	0.03009013348313019	2.4591661055802145	4.165690911194094	228120.80829674634
8.218532140068495	0.03098969934363645	0.7411663595616121	2.406717175925669	228614.57628007262
8.218752977293203	0.03176661850694486	-0.9357460542392582	0.647743466376081	229108.34426339896
8.218769187245334	0.03155448913847488	-2.6327944447753793	5.171955078260327	229602.11224672524
8.218462242763067	0.030142361621434344	1.959575516690507	3.4129813929003583	230095.88023005152
8.218656001830752	0.02924108816905447	0.24002464700894482	1.6540077184897877	230589.6482133778
8.218608218714703	0.0275578626801921	-1.4780911594667485	6.178219364411329	231083.4161967041
8.218804417431416	0.026309391740961696	3.089822064431564	4.419245712987952	231577.18418003037
8.218670297875253	0.02430098578516892	1.3266335005144971	2.6602720802460027	232070.9521633567
8.218791381065413	0.023024407672058333	-0.44007438521852593	0.9012984600440195	232564.720146683
8.218947840762294	0.022118346397129948	-2.2613255279780238	5.425510155065315	233058.48813000927
8.219041371645769	0.021359062218416176	2.232578526325182	3.66653655312837	233552.25611333555
8.219062660647515	0.02073026527568015	0.396274612693335	1.907562969273906	234046.02409666183
8.21888754726443	0.019891616442487464	-1.415771911096131	0.148589402368712	234539.7920799881
8.218953575367411	0.02019376626749053	3.0182803310054966	4.672801158817353	235033.56006331445
8.218955745842287	0.02072714851245959	1.2069129176772861	2.913827627787823	235527.32804664073
8.21925374029346	0.022461663770425983	-0.611008454352401	1.1548541131624521	236021.096029967
8.219219131068858	0.023602588829120724	-2.3970115517855164	5.679065919126439	236514.8640132933
8.219352242130277	0.025490031155286016	2.0905708038714783	3.9200924310128515	237008.63199661957
8.219083693750909	0.02664871541988074	0.3224371318254569	2.161118959468247	237502.39997994585
8.219216704261498	0.028835100523841556	-1.4319571495420835	0.4021455008685546	237996.1679632722
8.219144257030143	0.030567176718178695	3.135090833963012	4.926357357193794	238489.93594659847
8.219552116989872	0.03299412585151582	1.4329139607010208	3.167383913044608	238983.70392992476
8.219423954009983	0.03394534297865659	-0.2547838877134563	1.4084104788614074	239477.47191325104
8.21963486749946	0.03489618291319411	-1.9471635413147512	5.932622357833024	239971.23989657732
8.219296630489609	0.03419277906543649	2.6424820655289722	4.173648945072104	240465.00787990366
8.219489199931012	0.03371660284702084	0.9445950528584316	2.4146755477843236	240958.77586322994
8.21938372534524	0.0321426889884019	-0.7522994000168002	0.6557021677186228	241452.54384655622
8.219779794912979	0.031205340296933934	-2.465442734085059	5.179914111916947	241946.3118298825
8.219687451890213	0.02920454004226623	2.083127134717881	3.420940758443443	242440.07981320878
8.219847728495148	0.027780964986172007	0.30649874469740496	1.6619674158714144	242933.84779653506
8.219568856093632	0.02557402613472727	-1.4787203099808166	6.186179394720518	243427.6157798614
8.219641616961534	0.024498727768665816	2.9866269283353764	4.427206079143475	243921.38376318768
8.219686914952543	0.023782082313610575	1.1806826916762858	2.668232775962414	244415.15174651396
8.219918303034124	0.024010429580277538	-0.674143608713363	0.9092594846874933	244908.91972984024
8.220022293394477	0.024437393815587703	-2.498725807137574	5.433471507105652	245402.68771316652
8.219910013462815	0.024828380540936338	1.9454736228871587	3.67449822934564	245896.4556964928
8.220012732426573	0.0262086973889786	0.15895827548839767	1.9155249633487426	246390.22367981914
Running time: 0 hours 6 minutes 19.816184759140015 seconds.
