100
8.2
8.2001
8.199999999999998	0.000999999999999857	0.0	0.0	0.0	0.0
8.199987137779367	0.0004272428432006739	1.8002221334641857	2.1869620338593077	0.0	98.87337610066197
8.199985278088095	0.0007795077032802832	-1.041138725153977	4.37392407115556	0.0	197.74675220132397
8.199985687161409	0.0009332774130893602	0.5347254048139795	0.277700799228092	0.0	296.62012830198597
8.199973995988634	0.0003118987725221352	-3.0247381983150583	2.464662835700807	0.0	395.49350440264794
8.199974848773438	0.000970997906159059	-0.43248045997337603	4.651624874388902	0.0	494.3668805033099
8.199971802767383	0.0008751359614534376	1.2046113913405734	0.5554016030723652	0.0	593.2402566039719
8.19996075164891	0.00039105228904832696	-2.035457190439397	2.7423636411119006	0.0	692.1136327046339
8.19996371709655	0.0010284861844595075	0.2542901513748422	4.9293256807543315	0.0	790.9870088052959
8.199959747058703	0.0009070634199903012	1.9414512632610175	0.8331024104308922	0.0	889.8603849059579
8.199946859206305	0.0003728207640898202	-1.4847445762585898	3.0200644649968087	0.0	988.7337610066198
8.199952142164507	0.0009554424474507254	1.0579650008113317	5.207026484923993	0.0	1087.607137107282
8.199946348063408	0.0009892759751480484	2.7715799588919725	1.1108032217358925	0.0	1186.4805132079439
8.199936800637506	0.0003898159070992968	-1.2898804087898836	3.297765254236373	0.0	1285.3538893086059
8.199934678840066	0.0007086469708435751	1.99348857692539	5.484727286922758	0.0	1384.2272654092678
8.19993530684848	0.001015566782446233	-2.484507157458418	1.3885040163653652	0.0	1483.1006415099298
8.199926511804579	0.0006455292970838545	-0.6730643401436275	3.5754660502072246	0.0	1581.9740176105918
8.19992044507708	0.0003179630273934915	2.7616687576274654	5.7624280833686	0.0	1680.8473937112537
8.199921135777656	0.0008545500039393411	-1.2321463901847516	1.6662048080288576	0.0	1779.7207698119157
8.199918976283495	0.0009308998535417854	0.5521530067375714	3.853166843467045	0.0	1878.5941459125777
8.19990730494055	0.0004895759618691574	2.53150516024517	6.040128882288344	0.0	1977.4675220132397
8.199905141552607	0.00039454777384995073	-0.15522960186863247	1.9439056084372037	0.0	2076.340898113902
8.199903360272963	0.0008923725027677496	1.9955121148799757	4.130867644902816	0.0	2175.2142742145634
8.19990352785702	0.001006376639127933	-2.4337241136023597	0.034644372340304486	0.0	2274.087650315226
8.199892902067027	0.0006871001317035492	-0.46475542976298284	2.2216064110964346	0.0	2372.9610264158873
8.199884788559475	0.0003366100510629074	2.4488646782634875	4.408568448566854	0.0	2471.8344025165497
8.199886812355155	0.0007159165143427942	-1.010092175257104	0.3123451762563514	0.0	2570.7077786172113
8.199884435990368	0.0010495839835657247	1.0015186728383019	2.4993072192701575	0.0	2669.5811547178737
8.199880285397606	0.0010517546890746502	2.9386480027129616	4.686269257673787	0.0	2768.454530818535
8.199874531422065	0.0007547415164473473	-1.31304752453764	0.5900459889775247	0.0	2867.3279069191976
8.199864516307773	0.0003860779521042326	1.2428522582572015	2.777008026790945	0.0	2966.201283019859
8.19986047483837	0.0005157952742887603	-1.9124005522814054	4.963970066155875	0.0	3065.0746591205216
8.199863330531727	0.0008542498736139626	0.34426360126220007	0.8677467983386098	0.0	3163.948035221183
8.199861400988764	0.0010275751130194987	2.3889120758509765	3.054708837952724	0.0	3262.8214113218455
8.199854728449976	0.000983071778853407	-1.8689634406731457	5.241670878420743	0.0	3361.694787422507
8.1998476030596	0.0007568201927600513	0.20913898627190025	1.145447614079396	0.0	3460.5681635231695
8.199842112154645	0.00044017908192329244	2.493087357847467	3.3324096553695495	0.0	3559.441539623831
8.199838118201987	0.00026765358958455324	-0.6792979649195928	5.519371696628668	0.0	3658.3149157244934
8.199833260322862	0.0004925758567638441	2.187197552106098	1.4231484308948126	0.0	3757.188291825155
8.199830836352955	0.0007581294025576341	-1.8315994046491753	3.6101104735479796	0.0	3856.0616679258173
8.199828486443623	0.0009430184849314328	0.3211304747764769	5.797072515440651	0.0	3954.935044026479
8.199827434961485	0.0010300614092428504	2.458679280437138	1.7008492531131916	0.0	4053.8084201271413
8.199823650170039	0.001026378542559037	-1.6749609797009672	3.8878113177534424	0.0	4152.681796227804
8.199819232096285	0.0009528415437565358	0.5003856045341681	6.074773396212677	0.0	4251.555172328466
8.1998123141658	0.0008337596514829682	2.7147255116670532	1.9785501686866453	0.0	4350.428548429129
8.199805997963614	0.0006935152567194424	-1.3020181590718305	4.165512249394584	0.0	4449.301924529789
8.199799329942312	0.0005555516711714389	1.036375596817474	0.06928902674759208	0.0	4548.175300630452
8.199793534466933	0.0004409842522280285	-2.8108056141024296	2.256251106017455	0.0	4647.048676731114
8.199788999941562	0.00036686536183654555	-0.2687748273674547	4.443213187846238	0.0	4745.922052831776
8.199783916914855	0.0003406292755273965	2.3303646533629707	0.3469899633456981	0.0	4844.795428932437
8.199780335704599	0.0003513640438268844	-1.383704294961646	2.533952044102943	0.0	4943.6688050330995
8.199776572908135	0.0003785523569475018	1.121956812880819	4.720914127015044	0.0	5042.542181133762
8.199772307753884	0.0004075531597130101	-2.704922986068205	0.6246909016321593	0.0	5141.415557234424
8.199769021545164	0.0004312912073282549	-0.27835340472265396	2.8116529856736303	0.0	5240.288933335085
8.199765444965497	0.00044796639229611335	2.133499791387917	4.998615069388794	0.0	5339.162309435747
8.199761208498648	0.0004565181720303383	-1.7459438766758604	0.9023918463148117	0.0	5438.03568553641
8.199758013683134	0.0004552859310420802	0.6485219207080644	3.0893539302414066	0.0	5536.909061637072
8.199754823934958	0.0004435188623033631	3.02768410392158	5.276316014895553	0.0	5635.782437737733
8.199750509246046	0.00041963494101919865	-0.9016784353036377	1.1800927929044356	0.0	5734.655813838395
8.199746012227303	0.00038310778186437423	1.4045582323932393	3.3670548784916803	0.0	5833.529189939058
8.199740883358007	0.00034127409666814763	-2.6608527949589615	5.5540169670009805	0.0	5932.40256603972
8.199735491450154	0.0003166814674830546	-0.5735199906913693	1.4577937461810997	0.0	6031.275942140381
8.19972987076678	0.00034660325920654145	1.4339581357986266	3.64475583181685	0.0	6130.149318241043
8.199726044202393	0.00044858992039927014	-2.7477997225937356	5.831717919422614	0.0	6229.022694341706
8.199724341941183	0.0006006603446426985	-0.48933716286388346	1.735494699956254	0.0	6327.896070442368
8.199723515850742	0.0007691417208497132	1.8828040530421224	3.9224567885439465	0.0	6426.76944654303
8.199720840975681	0.0009223805902539112	-1.9544775352585444	6.1094188769068225	0.0	6525.642822643691
8.19971666745205	0.0010312501283866785	0.5427092224022353	2.0131956587340607	0.0	6624.5161987443535
8.199713433972859	0.0010681985939925782	3.0777919711835477	4.200157746888793	0.0	6723.389574845016
8.19971063868424	0.0010134156560713168	-0.6444273428594182	0.10393452971377659	0.0	6822.262950945678
8.199703917062449	0.0008601847993459329	1.9234722509483737	2.290896620212189	0.0	6921.136327046339
8.199694453148227	0.0006210581994994965	-1.833406123367022	4.477858710693646	0.0	7020.009703147001
8.19968923192455	0.0003516755048131769	0.43865545377129345	0.3816354936896236	0.0	7118.883079247664
8.199686833551976	0.00030261048753862344	1.9589217200354208	2.568597584222708	0.0	7217.756455348326
8.199681977669487	0.0005714280216813102	-2.1752609114311148	4.7555596757423695	0.0	7316.629831448987
8.199681054090393	0.0008422406913152552	0.4148666458657851	0.6593364596253668	0.0	7415.503207549649
8.199681390326525	0.0009927009340449492	3.1123765176590568	2.846298551925951	0.0	7514.376583650312
8.199673519171728	0.0009545119222160013	-0.45381976870345553	5.033260644365281	0.0	7613.249959750974
8.199667261832008	0.0007076866586473016	2.1957110746593806	0.9370374291174492	0.0	7712.123335851635
8.199660513088746	0.0003614816554886638	-1.9057719301988505	3.1239995228963835	0.0	7810.996711952297
8.199655057139895	0.0005006413737149376	-0.4459634077862688	5.310961616261535	0.0	7909.8700880529595
8.199658424598924	0.0009060842083117168	2.035763827146752	1.2147384043351774	0.0	8008.743464153622
8.199654001685923	0.0010830501864490878	-1.5194037502591098	3.401700498675458	0.0	8107.616840254283
8.199649582854565	0.000894684340046182	1.2115068497365753	5.588662592906054	0.0	8206.490216354945
8.199638256159659	0.0004465907257554589	-2.708717204257183	1.492439381075008	0.0	8305.363592455607
8.199636308372122	0.0005312563909732644	-1.3335098402477552	3.6794014768316012	0.0	8404.23696855627
8.199635661612014	0.0009604361730141715	1.220939558457504	5.86636357269822	0.0	8503.110344656932
8.19963397364887	0.001012692227263121	-2.2304786632979257	1.7701403631201291	0.0	8601.983720757595
8.19962309784611	0.0006103450797221752	0.522976382377715	3.9571024601310616	0.0	8700.857096858257
8.19961952850653	0.0003216080463843832	1.9045801617644065	6.144064556495453	0.0	8799.730472958916
8.199617251060033	0.0008137597159116401	-2.0404857604031	2.047841346123745	0.0	8898.603849059578
8.19961802885292	0.0009598082919245068	0.9071664942944377	4.234803443996762	0.0	8997.47722516024
8.199605887621766	0.0005743540183386703	-2.4798752918558793	0.13858023449193624	0.0	9096.350601260903
8.199602306686586	0.0003181583954179187	-1.2597981298676217	2.325542332867167	0.0	9195.223977361566
8.19960321751913	0.0008669741447677149	1.3178768847516618	4.512504431838028	0.0	9294.097353462228
8.19959735266486	0.0009135546228308489	-1.9384920969022934	0.41628122447538285	0.0	9392.97072956289
8.199590149145616	0.00037328440924826834	0.674172603188557	2.6032433233746026	0.0	9491.844105663553
8.199586664798053	0.0006701035581300593	1.9546529912180415	4.790205423379938	0.0	9590.717481764215
8.199586585953352	0.00103965668162452	-1.37813592547705	0.6939822151293225	0.0	9689.590857864874
8.199578604480699	0.000602450295255061	1.4837192314843894	2.8809443156354178	0.0	9788.464233965537
Total Integration Time: 9887.337610066199 years.
Running time: 0 hours 0 minutes 14.658650636672974 seconds.
