8.2 Saturn radii
500 samples
10.0 million years
Continuation of: none
8.200000000000207	0.0010000000000126277	0.0	0.0	0.0	0.056499999999999696	0.0
8.199758144569614	0.0006195200039953585	-9.091878498435069e-05	-0.3515909629413865	5.926729971549567	0.04530394701223131	20000.0
8.199313334586591	0.0008853602115767978	-0.00019826419805585305	-0.14919795613858722	5.571808514177093	0.03990857969229395	40000.0
8.199451520098766	0.0008312371036388917	-0.00020660815118184184	-0.6329434301189965	5.217211271949081	0.052160449409356144	60000.0
8.20009125693725	0.0005775118353061235	-0.0001518581183371226	-0.6724151382586574	4.8594505199056215	0.044148265757369784	80000.0
8.20046281863288	0.0004370456920753236	-0.00011915791532890463	-1.6507532975268562	4.504569216254726	0.03222357140602548	100000.0
8.200499818316395	0.0007836985303147003	-9.889733405521461e-05	-2.455434086827152	4.14777829764089	0.047108785620547405	120000.0
8.200296105196282	0.0005829460920033355	-0.00016872354529584577	2.0690830239581195	3.788650573350889	0.05204694707003562	140000.0
8.20099564620627	0.0008987156377890282	-0.00011868950430909964	0.7883216778235044	3.4308143586488495	0.03776571127104518	160000.0
8.200700979946054	0.0008775098087354048	-0.0001791905096703572	-0.7016740917167663	3.0756669467529534	0.044592903384211735	180000.0
8.200872387583372	0.0005145504445530445	-0.00014118307324317847	3.690361612271559	2.719569799409788	0.054100518391406595	200000.0
8.202158181520844	0.0009517590739471878	-4.514546437539568e-05	1.6723711940663804	2.3625950945598544	0.0422172112927222	220000.0
8.201224044970328	0.0008642479901769644	-0.0002043046656217129	-0.43351487441721714	2.0065489382831707	0.0402713173151879	240000.0
8.20242994484794	0.00043377936199608737	-8.455300164483814e-05	3.247034714126967	1.648507965922997	0.05505410223582832	260000.0
-2.569031692657198	786881.4590640194	1.5326736294613368	-2.8192470371184966	5.165919744268315	60.15813674920729	280000.0
-2.4551007632510844	881314.9616048259	-0.1027737727586634	0.3064198492647632	1.1936557607859015	42.871074380245304	300000.0
-2.3224289357178565	578548.6165056753	0.5038081370358489	0.2681526038689601	5.008897959922976	256.20827278121146	320000.0
-2.448936853145924	276950.1718280458	2.004134779600786	3.2675987270713898	0.7191925899243969	140.92954167245458	340000.0
-2.7182672176775546	1053342.0794736934	2.1201761899608975	-2.831190764608901	6.006018134094759	361.2994851891744	360000.0
-2.7262131815385025	989873.573624846	0.59333811638438	0.10232840103388474	5.27384496594588	365.69668162199827	380000.0
-2.4216744287407805	951402.4833726218	2.226241473255547	-2.7954394764891517	1.866550253981174	225.3508498014535	400000.0
-2.4856682079375108	1271154.539613349	1.2069447393975237	-2.5455748366381776	5.225320961769917	535.2441992276164	420000.0
-2.719974186154273	1124726.4060453167	0.7609958512995687	0.14728932184887045	1.514047191870624	420.67396057466607	440000.0
-2.6495546695395307	961959.9474952524	0.7142128819298983	0.21773893307011005	2.5293691011128914	600.4024485837821	460000.0
-2.5380604575896735	602134.5129312198	2.4580796851900035	-2.868331878462404	4.700125202851652	223.245540893528	480000.0
-2.5182372962425172	751857.2275205246	1.7695588467865027	3.359906396699991	1.8620131778257374	283.7805965708189	500000.0
-2.740909480236629	955728.2924204859	2.576490304526864	-2.7657857030865842	3.5595532299811055	360.425433656338	520000.0
-2.7457582433245857	1351072.7671553378	2.5146465580073785	-2.7784034773580264	1.079508974481115	257.9209917609337	540000.0
-2.9513122475144575	897333.8876071646	-0.1631202185873526	0.28988721081505986	1.1003142174220173	651.243161999391	560000.0
-2.836829888203338	917143.7519215541	-0.12038790190810583	0.07709195940410973	2.446025129542349	637.1369134065835	580000.0
-2.9689265286088093	1061726.0922848128	2.095695158504408	-2.9868612406552786	2.5819954407336354	197.76854622025584	600000.0
-2.940191877305506	1268221.68903528	1.6317917110728328	3.457505796514025	0.4265553914546061	395.4928111161498	620000.0
-3.1491937120208537	814688.5588833534	0.007018895940283432	0.2525752435669282	5.077972269412022	212.3749645497588	640000.0
-3.0183524182238313	1531398.502414705	2.253908834770572	3.5167053795997063	2.3295768358605144	29.56622296820835	660000.0
-3.0032950915946315	1085705.8478524813	1.9984105632045708	3.6112839071786915	0.8066899488260262	225.6746413397626	680000.0
-4.613159385607822	556306.8224106022	2.357857463576335	3.5143867454288555	4.243052037274921	148.5475872962936	700000.0
-3.7832013150253574	478634.17517683905	-0.1901789793940672	0.3892148680278895	0.3706317831948951	400.76201049322304	720000.0
-3.817351173910351	639140.2570616535	2.5666117169675795	3.530594184845414	3.0918965536159746	174.33634938281378	740000.0
-3.6062779279815427	487543.57949956844	1.1101234462696152	-2.8684593944155776	5.587224484195147	225.7071723690164	760000.0
-3.7444011367085124	291928.0756369757	1.330913724264737	3.5783447379112387	2.803200617028473	49.55327914074152	780000.0
-3.778680453982749	572140.8136569988	2.5257346881571188	3.442561841526291	5.917719161435535	145.30280561495823	800000.0
-2.22444069008308	1297666.4166209998	-0.08488927370246668	0.4239280353872399	2.259759380184626	263.0968728602796	820000.0
-1.9673403336696278	589575.3183658129	0.8782480963038108	0.31220085408222364	3.449490171729913	120.50766937368067	840000.0
-1.7499288641735025	1497985.3002296314	2.5414201793991613	-2.628814979934384	5.204260024106986	567.8719813992652	860000.0
-2.37458557760814	1623974.7782999717	1.620678270231779	-2.535656903392474	3.48673336605421	645.1873246232752	880000.0
-2.4847324847286245	1136805.2008799026	-0.17796655882410606	0.5249523635839022	0.3256197852334779	179.71819326372076	900000.0
-2.513489570238972	1436343.0959973389	2.1861998382682035	-2.423195706259995	4.3682530455477675	732.575564900951	920000.0
-2.278883381615526	950712.815787148	2.415243182040523	3.550831259576201	5.345765270808684	358.7686844742818	940000.0
-2.1345858154385384	1015883.2054872047	2.0152065473094862	3.4823149312065627	3.7156385958141556	186.12159315092995	960000.0
-2.1496519993518226	1592113.3813179163	1.5269251039197815	3.4637553354639854	1.2303952702664276	659.0736110552104	980000.0
-1.555921788292386	2329610.785579358	0.2306677199059745	0.6764725809869838	1.550659973926507	137.92225777892665	1000000.0
-1.3985720898498157	826653.7006628878	2.1541997138855535	4.153457448006635	3.1651104162653994	140.70236071479127	1020000.0
-1.3568970390634796	831169.6328663325	1.8873020033100052	4.069460462278096	2.8115943633697356	137.93509275556522	1040000.0
-1.6120284179399174	2626754.2013066323	0.6393760740353955	0.9016130414984221	3.7379966896116485	175.38857220002168	1060000.0
-1.5637919976024957	817007.1245847951	-0.019461679938819976	1.003763841891729	5.355145801052949	78.51484794699279	1080000.0
-1.6510966893012136	718584.7479019001	1.2211204642719207	4.103931899872881	3.942014442185865	142.78961043680422	1100000.0
-1.8511980177206475	914133.7237897335	1.3677750158247008	-1.9727162955862179	1.2845451638342382	253.85537693766636	1120000.0
-1.6839086076812673	1184172.4924439657	2.3496219393551794	4.153794996686074	4.944313793135201	67.85532140479165	1140000.0
-1.5552001630221874	1104377.6470805204	1.444091896918001	4.133147323631422	5.6187992496799595	113.59910758541848	1160000.0
-1.6249675861929838	1887506.822912237	1.3828617054049948	-2.034283912729954	0.3782997081577193	64.51304262654575	1180000.0
-2.409686870711655	513692.3283562139	2.302623406001747	4.062967256361965	0.7342012929120649	80.82097620932781	1200000.0
-2.1306858582734165	732912.3041433358	1.8282042077616762	3.8052747885785267	1.8709992645905906	56.63895450199248	1220000.0
-2.114491295879096	1267647.022237191	0.007087517017363709	0.665671866595376	0.41656174686752934	74.31878173137054	1240000.0
-2.152079660938705	1440813.146885588	0.8782680283820792	0.6731834639398133	2.0662351279459426	61.94915822581661	1260000.0
-1.9293371767225043	641318.8722148016	2.2128024047777215	-2.429600608663626	3.830663056976192	26.99016071889442	1280000.0
-1.7869260003042249	816189.3894136088	-0.19134334678528275	0.6527017033517963	3.4152908216521496	101.28049668626721	1300000.0
-1.8274637630429713	1991189.28138413	0.19853268516146066	0.6884900215291962	1.7345951870264642	126.81875128676121	1320000.0
-1.908375005060936	653363.4476061563	0.050040776847383006	0.669115196191097	2.9702733692557146	121.29089380272318	1340000.0
-1.8929132914648468	1971178.968716318	1.2754201319004843	-2.457735154630866	0.6573313280607351	93.11479538346647	1360000.0
-1.8541454364626269	1785740.69083765	0.3503182055180812	0.6816569808410349	0.6469702887261022	175.72381194855595	1380000.0
-1.6242904337144972	671584.334701015	2.4827082476363973	-2.442972112354221	5.441927254037807	59.02475633554694	1400000.0
-1.6382420384661431	2339624.6430522483	0.5733881355916088	0.7146359010111631	3.6057719980059417	330.92268529717313	1420000.0
-1.5018504963912052	940219.8259315977	1.7546045201938805	3.8595265854448737	5.772849460770324	103.15854356111521	1440000.0
-1.4237217196000906	1455774.1505044554	1.3327312763298313	-2.3061505258947737	0.36301024124112047	74.25902044485476	1460000.0
-1.4352116956711911	1847466.1824915125	1.4181055908503093	-2.3102662522829287	0.7357736412847515	332.34160515906336	1480000.0
-1.287681819539496	3632256.7485479037	1.797912224959029	-2.3052297154385055	4.579622979155445	299.45888755088123	1500000.0
-1.3086462377876555	1660836.4061162905	0.9529542654318182	0.873840093487116	4.432965020945744	100.23850144041131	1520000.0
-1.220600730808454	2066458.3787540076	1.450794284347779	3.8018774553028667	0.8348958572068383	270.8975660812766	1540000.0
-1.8308481933449317	1115727.0883002758	1.46251809954511	-2.4193420266269294	3.9318095575185694	14.326386782471669	1560000.0
-1.8790956509380903	1252491.9800887455	2.301261395993726	-2.4915427000457866	0.6194738539126234	630.0224880220035	1580000.0
-1.777868280806707	873701.8580002387	2.1223389256373553	3.74132833993724	5.910933119556887	205.25791775052326	1600000.0
-1.8818656359645067	1666238.731292874	1.5081284836200146	3.6815457510834717	5.233307634684877	302.28242894934345	1620000.0
-1.8384731025594978	2096416.4298790575	1.5346612335914562	3.7159278702960115	5.319582596553012	663.1257043023328	1640000.0
-1.4947492931365265	2402259.149533954	0.7200837145356096	0.6962464865013406	2.7390474996132212	449.29970759396593	1660000.0
-1.3270435298536718	1907030.7021905202	1.4638180009859343	3.8432779696133603	5.198509553918303	530.4076535472353	1680000.0
-1.39569438660045	1158333.1447585577	1.3080586237562966	-2.5289784413175354	0.6421332447349499	1391.0577219203249	1700000.0
-1.3636253204715905	2268331.8452799837	0.43508819421224426	0.6918865381189815	4.502051058928863	563.8728583222238	1720000.0
-1.3624890495266953	916527.8370252993	2.1575575116673966	-2.4541923515227837	0.16448804378199355	798.7743239430316	1740000.0
-1.4374726048021245	2736095.2110366262	2.475546164559713	-2.505889603999839	3.1178473308299814	780.4395015721481	1760000.0
-1.4440187137075007	829895.0484731038	2.2829647626677434	3.7322345108300548	5.605026133519509	305.9317428039405	1780000.0
-1.2492508809992338	2629269.768283833	2.1807566294858276	3.6861311188761308	4.456159005559101	257.5969548988501	1800000.0
-1.4232574644500657	2043497.9886522545	0.18792172584235617	0.6940967187843052	4.347770670580601	1694.0140921194063	1820000.0
-1.3572945691212965	666583.1578551545	2.4898722395844053	-2.50989780955816	2.004179320480624	534.5765153803317	1840000.0
-1.2144767038812934	2694517.1714525106	1.1117127702880742	-2.3463613585145877	6.143787210010551	330.10311954888226	1860000.0
-1.1029983032009674	4581373.985209235	-0.26286264296432116	0.6107785109599625	1.6977513095296786	465.175997609702	1880000.0
-1.199693701668187	497833.99219192204	1.5057960111494242	-2.4418850612359817	4.215962171003966	493.26791403114663	1900000.0
-1.151897025621505	3458058.293948949	0.6824985554562146	0.6860938792683955	4.476345479831686	760.10172054475	1920000.0
-1.266425476184487	2246868.3666926133	0.3105600174798611	0.6666491841132405	6.166752229223761	686.724507537947	1940000.0
-1.278297604818981	2130681.7126120524	1.5983587485795812	3.67689088150733	4.695549571017921	1207.210051509865	1960000.0
-1.3149590182264719	721462.41995867	2.3230480489003504	3.7104864121096144	3.3594162641834444	1277.474426757461	1980000.0
-1.3057234970698044	2737804.41364677	1.527501020909333	-2.3538965663683076	3.649936199665852	852.9049811204106	2000000.0
-1.3369197470051397	2268017.4106578804	-0.024237568079037652	0.5760970708877862	0.7092832593929046	665.8083311207622	2020000.0
-1.376672138222299	2537733.5812515165	0.0215853068319814	0.683128463724771	1.5993831640122167	721.6245271743823	2040000.0
-1.4217867228762135	2223468.3649226716	1.8424530410147786	-2.473463993821648	2.359597983174588	967.7603204788643	2060000.0
-1.5538142001486288	1225664.1891096684	0.22230461629998827	0.5454592885730342	5.054532007518361	230.53334441251675	2080000.0
-1.4980422745242137	3092025.380722284	0.3293282804257888	0.7050528303352552	5.584666021198856	438.1873764593671	2100000.0
-1.5544249697391412	1797526.0837684658	0.36461039925350486	0.5084533829335379	5.062120392382091	431.5005707838397	2120000.0
-1.541654385730023	405038.08806218236	0.8727611600758483	0.4026322383867956	5.854808039515412	842.5172953864217	2140000.0
-1.4624463831058934	1856497.168941286	0.5657796887960826	0.40539755975092684	5.001447683535183	99.3808022462783	2160000.0
-1.4771700154867728	2027697.2814462245	0.5862491323480201	0.5099047602359711	2.176927784265253	279.35414385044356	2180000.0
-1.096792031517032	2865040.216655876	-0.2853247510943215	0.6509285773560138	1.060138401960117	315.4542948785125	2200000.0
-0.9905776216164843	2857527.1258409247	0.5240039813611272	0.6444666558724053	0.040787486810167195	195.80467263854447	2220000.0
-1.0140010344316566	1704383.0571724868	2.037732936571606	-2.3808414473560333	3.566228309942872	322.57929598541864	2240000.0
-1.0044162827657175	1438782.5629046594	0.5647821545331797	0.8947984166451101	0.8186079140690623	77.38383282079167	2260000.0
-1.1087039324536483	2276601.5519691254	1.454561210015138	3.978713473975155	3.268377301341367	206.9638839089703	2280000.0
-1.1134382507106193	2883913.3365324973	0.0027112423386970175	0.8308110218772462	3.5767368489118665	25.00147081816655	2300000.0
-1.1149125942934532	1058859.8810152474	1.7650490902563445	4.057239530391227	1.8619222195103262	43.60038682598015	2320000.0
-1.0613739215640996	2363267.6196554704	-0.36957936412424097	0.8709954755240079	5.79453381720117	162.01574302572988	2340000.0
-1.042185340860981	2619395.8828202193	2.209481764064642	-2.070342848719104	5.237136092670532	26.390632559885102	2360000.0
-1.0152636432775919	3594935.353034349	1.2843771108466444	-2.224256520796274	0.584323044315461	151.14271067284778	2380000.0
-1.0234405427687894	4390640.450339836	0.4682919356905126	1.2612847280724484	5.353127448430094	156.31174178520462	2400000.0
-0.805321172034808	144029.67500470145	-0.17759234684785546	1.1403317376759872	0.6099580555363229	159.6798530334353	2420000.0
-0.7380191230975715	6688307.628270185	0.45767302443700547	0.9002853287459458	5.319520693815619	167.42134180455517	2440000.0
-0.7746757399216418	4406058.794020928	0.16130915460019196	0.9376501015639143	2.591887421559072	109.45147897772536	2460000.0
-0.8253081832343215	3595328.153367971	0.4653776158663056	1.217032539165488	2.3238902541426896	293.47441181276037	2480000.0
-1.0793576369178959	1163976.822698359	-0.03816592035656935	0.05561194396388691	5.458514561068377	404.0040933553893	2500000.0
-1.0892168850065402	935108.3776475495	1.8093800475969366	-3.2401971618978767	2.54733273995344	315.57576584920764	2520000.0
-0.775536125753907	5480507.882562882	1.4677384471252415	-3.346494470476847	4.745928283938817	153.68034626845906	2540000.0
-0.8020635392144918	5015943.518002364	0.625885512925566	-0.21199512960088884	4.568415202852414	456.60514996990133	2560000.0
-0.8311001316864196	4855911.905272954	2.330927278796403	3.1825732216670373	1.5573167567627237	60.6217656708629	2580000.0
-0.8761851905251742	2639294.2817261377	0.08470325670048612	0.029913730956345308	3.7938527627499496	264.4669390467242	2600000.0
-0.8138845865667552	1699394.7935083776	-0.26199755053910645	0.03957301560117221	3.8296685747459236	171.0314596888834	2620000.0
-0.7900308359349176	2109899.916279013	0.9987647825516663	-0.08676476931967492	1.925759901410217	304.2768897652111	2640000.0
-0.7064130146954094	2537783.1382289976	0.27848067905589474	0.04348214525399352	0.6071641094709435	269.70440792583696	2660000.0
-0.7213280928463746	2775081.0142752165	-0.26195676070120405	-0.029849927802096943	4.867614812265629	88.67507310553657	2680000.0
-0.7592748963506013	3689915.6153909336	0.06501155634782824	-0.08006697922690553	0.7251368444413302	136.69665222542034	2700000.0
-0.7047844226141783	3402584.93672579	0.7751954525154967	0.1046768727128522	5.249949088956278	61.181265853808654	2720000.0
-0.7028689835652292	5985497.509015629	0.8307240686718735	-0.16960319017715575	1.8798131840524874	138.8707044866323	2740000.0
-0.6986659620835896	1809482.7185615432	-0.14429952143533048	-0.027126145706763083	2.3513770326554795	121.7180563079958	2760000.0
-0.6539435522239648	2179094.8259131596	0.33858590842682784	-0.12794224045083813	5.910044482112745	191.12865722500666	2780000.0
-0.7266208561790573	2676427.754351174	1.2081358862983262	-3.3587867751005627	5.058710786090444	108.956345178919	2800000.0
-0.7023913385049353	5176882.14006877	1.2771276011115973	3.200565073551938	5.733972540135895	287.75533041929083	2820000.0
-0.6846486481067853	4221597.014417727	1.7733253237448987	3.1313454668047314	3.1831101642961954	31.27674426113911	2840000.0
-0.604999792686536	4827036.646676834	2.5083403054211333	-3.1798871191872466	5.760138713840583	278.91677548777295	2860000.0
-0.6161457079263977	4795447.244361729	2.4239832713491767	-3.2061703154665073	1.445373403572411	394.58304163405046	2880000.0
-0.6323405038229174	1743868.3101603948	1.1701369460961062	3.2058102139581197	3.0410931413184343	252.57238956206686	2900000.0
-0.679531915491743	3943189.0098258923	1.9755163152657373	-3.223974938659291	2.537946920703618	321.8148044174138	2920000.0
-0.6778894657177251	569412.6929200002	-0.04559477526461719	-0.01139136799513718	0.6913057505429663	503.03197358895545	2940000.0
-0.644963835956926	2010103.716072566	0.3149982732457443	-0.08086922807959107	0.8304634058303293	164.79280229849775	2960000.0
-0.7527151161228683	2489899.091896396	1.84097894315271	3.267546073300581	4.50590003394921	543.6714422104369	2980000.0
-0.6767865234046762	6607603.826568856	1.6197725587358662	-3.2193700982790956	0.48971048744453327	628.6106489715607	3000000.0
-0.6475446908867618	4195370.085778366	1.4836092721279182	3.1901976427277683	2.2581300248691036	1042.826866596085	3020000.0
-0.6259172942339483	1476945.4017983999	0.2304976043209443	-0.09974850968571447	6.139893898502521	721.4793671923599	3040000.0
-0.556172274126954	3733049.9544847524	1.5449438278068701	-3.300569304092112	0.3649196902031093	480.16099468417315	3060000.0
-0.5837110820892957	1602647.7390682218	1.7644974247306635	3.162998636833029	1.752939001851793	429.61223955458684	3080000.0
-0.5721985896394151	5627895.7935362775	1.0482968876014591	0.08650540206879165	1.6997645128835401	1179.7432873881507	3100000.0
-0.5739104685562817	3356677.783416171	-0.04095012591234087	0.0012094834734317494	4.439615174012744	533.829342754086	3120000.0
-0.5790290342025277	1343119.6686475435	1.6879388251764298	-3.2751884640810704	0.5840471805287137	78.85825519728867	3140000.0
-0.6114336255786301	7121728.444108447	1.4099634814565922	3.2002480525467503	2.1320642918620933	864.9450999704579	3160000.0
-0.6083517686201466	2839891.8413726757	1.772481633123928	3.1698722518925067	4.431489894694941	495.40445181832257	3180000.0
-0.579076601583886	4010076.2575276718	0.23920513559630224	-0.116306667309648	1.7316734009027215	317.87499825348	3200000.0
-0.5465638789424987	5722730.58078461	0.2714428176925597	-0.14179882316493497	2.4682977806652744	316.8148991789864	3220000.0
-0.572581519757322	4200457.006508769	1.7390384870557325	-3.3078600785195835	1.0710903715847593	770.4982563423602	3240000.0
-0.6132318182900605	3582628.077929577	1.5745187172286603	-3.3079216126358046	4.676246169795533	527.8147527688246	3260000.0
-0.6197716570247145	4530024.175740278	1.7745701692748566	-3.3276533639732317	4.015586853457123	643.6326603377254	3280000.0
-0.6119759616148451	1368732.798747119	1.6712156928003794	3.1454252909183418	2.2756614418788175	340.8131507317825	3300000.0
-0.6335682049899679	2789039.6229155827	2.2624800618895238	-3.250160627162411	4.26401532102571	579.7918321046757	3320000.0
-0.6182017036281007	1569251.378519406	1.9767801963536566	-3.220441462118049	0.1698725501745315	300.1569106983588	3340000.0
-0.6263592141075461	6294916.42830149	1.6880104681735957	3.1742773167839067	2.1633111230373814	337.24732954528025	3360000.0
-0.6552618251283561	7195833.708197428	2.2738514340958513	3.145974680594832	5.584699616346491	541.9604301934813	3380000.0
-0.6482687455924568	6202703.786080651	-0.2605600906097688	-0.0822793756766198	2.747502010604066	248.35012393142426	3400000.0
-0.5636385736709362	3198105.127570975	2.3281784483098993	-3.1764984170482027	5.542624074131375	641.796988294234	3420000.0
-0.5724537856999069	2103961.1602311293	1.9273703749770674	3.1630557315365193	3.9823149787105194	547.4649927912901	3440000.0
-0.6204135706445535	1207735.7214626954	2.4038135669451366	-3.151957076029496	2.817049483183709	401.56821945667895	3460000.0
-0.6287351182064893	6908404.228823691	0.7344463991549028	-0.05389330649525603	0.9614097165150497	343.1432543423503	3480000.0
-0.6217305962592875	621204.878083873	0.09278037966670777	-0.006613421712064138	5.992919339850921	329.6112214656074	3500000.0
-0.5652612632711019	3459091.9900924475	2.3123066087123956	-3.1228499061362385	5.1249748108003175	109.47564110756225	3520000.0
-0.5520534615465649	6170803.658042715	2.2107356498001915	-3.1357623631245226	2.97830040020704	189.10460693016987	3540000.0
-0.5257201430016216	3068697.7671073205	0.7459498392902177	0.0676854345324216	4.34982800671424	119.223990024387	3560000.0
-0.48906234841187385	2006441.9787461774	1.5208169899102755	-3.122916029254411	1.3955036181666785	333.5111828063206	3580000.0
-0.4813653603075973	4469179.956128041	1.1119953476104791	-3.0506030892150777	2.8387659124589675	101.55197784839157	3600000.0
-0.48367671824479813	6300863.426601882	2.0200927985011763	3.160139213441254	0.32587194966694	43.980101432073454	3620000.0
-0.46369076825487815	5280693.493650943	-0.3394835611451856	0.12095002787237852	3.5928268041112403	269.0811894718743	3640000.0
-0.42608030982275147	5963940.929303206	2.41081983049356	3.2114979086893976	1.6023703194803058	195.16389313852702	3660000.0
-0.41422473009459654	11600104.513146274	1.914987217168456	-2.9920960720613836	5.9269342626269506	216.13405952233936	3680000.0
-0.39842081444110455	4296143.883788876	1.7319845760532449	3.228616188403455	2.1880260061231525	102.02139774417111	3700000.0
-0.39060428630744465	7298796.586152588	-0.12764972635307237	0.09045457150359226	2.7110787075248552	393.40870182006483	3720000.0
-0.39885040921867954	2961141.372994145	-0.3983502410254917	0.039356366674943466	1.7519201104140656	277.7441283406711	3740000.0
-0.38339419645926104	3748821.613422969	0.5340673406659038	0.07015430962869984	4.37474456431854	419.3661853106182	3760000.0
-0.38014616617379926	9762667.536681302	0.07455230802875151	0.01454342072861392	4.327810015444882	550.7462006643528	3780000.0
-0.3942953703386427	1085499.0822310664	0.9033272094965028	0.08008749629980083	5.648007300935781	345.7504200838213	3800000.0
-0.45184472587840635	3729655.5878624013	1.9974215845777632	3.1356812675396624	3.824149971634391	519.8988261846237	3820000.0
-0.4651076299340207	6413755.972762222	-0.22566994414149202	0.026566273011120023	0.44867709080092055	493.7976345043801	3840000.0
-0.44627863610827123	3952601.008789022	2.5555292387514275	3.180968437959332	2.246108124978335	95.40584883710814	3860000.0
-0.46790897838662854	3441570.6946287816	0.8751252318970637	-0.016608016932925018	5.290052804351845	236.20032447688146	3880000.0
-0.48784763719300694	6226558.312311924	1.6926745425377128	3.146691894102733	0.6141039964343378	980.7684673414351	3900000.0
-0.4684453722807755	3794695.3417433985	1.305038015453242	-3.042927144534387	4.029408092281429	780.180623331883	3920000.0
-0.4733633604087679	2707840.6973530236	1.228439806024527	3.0891777903432596	2.8107054102672535	1662.3884507290102	3940000.0
-0.43552992259571466	8454082.447791208	2.112640484767112	-3.101886389562699	0.9168378318006773	1364.3885971746677	3960000.0
-0.42304926486937344	4231892.808158544	2.3402120692178947	3.1701900275192934	3.0958837913904134	1283.7815397867882	3980000.0
-0.41814678633618935	6131666.072942348	1.5606181964518795	-3.066924112553756	0.48664724930135606	2054.5567611697493	4000000.0
-0.41947390080626773	6034339.569153928	0.7345525186751711	0.07601436067915301	1.865290074531103	770.5697983222822	4020000.0
-0.43962451339942643	5596890.159027222	-0.03620418165610789	-0.01817277243424309	0.2553280675827878	1778.6731045194595	4040000.0
-0.4283647239032425	4862316.812311834	0.18068966735384412	-0.07188823585831927	4.363911914628623	2943.988340380361	4060000.0
-0.40010890503643776	8850969.21012754	2.1127642350647675	3.074219774960079	3.2489718491846773	1394.2926199836163	4080000.0
-0.43295030648163324	6233330.0302047115	0.6086745368927684	-0.14874000096702167	0.6704463324231469	2892.4145810520895	4100000.0
-0.43236001711929795	7635726.952378263	1.7034299124208583	-3.1369136223405882	2.25265720948822	1828.001307141883	4120000.0
-0.45591382451957774	1963953.0755789557	-0.19268083613580655	-0.06107884004772157	1.5099256092195361	2577.293923276878	4140000.0
-0.4617017613665466	5986944.122568117	1.6616054401431297	-3.1636646648921625	4.91768860967489	677.8354929045295	4160000.0
-0.48930553471037735	6307966.101463539	0.8965361485680916	0.026289410105612143	5.313223096669809	912.4028544844697	4180000.0
-0.5210403393534349	7112504.313256157	0.9853802957689244	0.05190655875001915	0.52442086951757	803.6512925693995	4200000.0
-0.503453291420088	6126652.185440445	-0.09811619889989315	-0.004848940875946228	3.6489304435466607	2108.8012221423023	4220000.0
-0.4838806965032466	4663851.2352100285	1.715172205829829	3.1323084443689244	4.997961032490956	2643.6495856242336	4240000.0
-0.46437192040039726	9956886.10851267	2.2204966967391733	-3.088799227795459	0.2945806890598561	2296.0812558064463	4260000.0
-0.4502884269759398	4002429.9321589055	1.615921711646057	-3.080790768137568	0.3089722832426247	1794.686178346516	4280000.0
-0.44770478847597606	152239.6026796043	0.8143980112183835	0.07646938893581279	4.799189308366834	1951.573148925471	4300000.0
-0.42106001246659464	612296.2471197874	1.9286300887087928	3.2092273040617543	4.997521035339375	495.8747125793419	4320000.0
-0.43873955881779225	3989177.282330653	1.3720868536291762	3.209079665063591	4.619077209233865	1028.9931723789516	4340000.0
-0.46946267050237966	3378000.7761658216	-0.2381045498242317	0.08270784412222643	0.06563826218663849	564.731608385252	4360000.0
-0.48741952385833776	3205211.229900751	0.08421469431390277	0.12352794519700971	4.752072879682018	732.2527060103077	4380000.0
-0.47741728257647903	6799957.505750108	1.0179486405454674	0.14422641979201822	3.1281432409783836	444.3304856528777	4400000.0
-0.46119742367285893	5732962.42583988	1.8092541460312543	-2.921820875362872	4.225931874824774	855.5689434596742	4420000.0
-0.4459223677888091	5925182.28999461	-0.2385108976925776	0.2593508581747792	4.8307777167383605	240.8107337868801	4440000.0
-0.43752658003701406	5945396.725987797	1.56880259803546	-2.8740697983524233	5.617889337689235	269.0734629589288	4460000.0
-0.4598344418888776	6087462.38964995	1.3691866229815228	-2.93007345504738	2.776467763812917	619.3706077095756	4480000.0
-0.47002475539308924	5846682.544736759	0.08874241188571602	0.24022643847871983	1.3003080661463713	407.780110762838	4500000.0
-0.4699820540765398	8080451.452611902	-0.084766783894481	0.2322795572659706	0.16717761085604366	545.3156334231264	4520000.0
-0.48035668948963545	6720412.784814491	2.527529347161667	3.4327397357993763	1.6103026731243517	547.5302412382259	4540000.0
-0.4700345029742246	3467229.291884789	0.8857252584392563	0.246553267305329	6.188472595702166	180.76688116133715	4560000.0
-0.45619147492363743	3174198.697500151	1.7820915318705022	3.378095663469135	2.8669712853838476	111.20779776637464	4580000.0
-0.4491235340992421	4034592.9625770682	1.000252386826531	0.29150975707204374	3.094131088109002	402.35926361665213	4600000.0
-0.44851108981295	1919790.4841934326	1.3185321424982674	-2.8408088146404524	5.492470165562899	366.81662585579494	4620000.0
-0.4685412814616388	12710511.50666562	0.04092158696045217	0.22997058569736595	3.6180613180635177	365.1895294683351	4640000.0
-0.46398063330393446	4992068.48260377	0.9861389975611239	0.22171010100920974	4.467692996373344	388.49469096479027	4660000.0
-0.4310040833172291	1147553.008150044	1.6184566478958193	-2.9043843885214864	2.0376207591445166	383.5076645144209	4680000.0
-0.4365726667067577	1900904.3461179999	1.4348392145828262	3.3045201791492262	3.9106639332423114	306.32553024613577	4700000.0
-0.4469226555079155	3320249.376964394	0.2384880210602643	0.17669662304065947	1.3946502268172623	372.8697414820787	4720000.0
-0.43224619397423447	7356810.175865176	0.15929121087638592	0.18802985437744657	0.9243298374308395	527.6316396410805	4740000.0
-0.4411150848483728	6703834.325734567	0.30591160477003626	0.2394568110634081	4.949353347494391	764.6590096748778	4760000.0
-0.44897336858218584	12962683.321354331	0.2785662325844764	0.17477891668181855	4.1310196325274475	914.0287949733907	4780000.0
-0.47831312621954103	3537967.6173745124	1.2515007332860237	-2.9325890302787	4.015452808299635	644.5575426579226	4800000.0
-0.4999710554383724	4852263.300342688	2.5923138138726918	3.3599558735548403	0.6088209110553962	428.674094339273	4820000.0
-0.491340672372078	1051138.577745297	-0.3456521882427488	0.19973852293515648	5.106239358528349	415.16846996010355	4840000.0
-0.5118148734268866	3731891.291677441	-0.16037999538901976	0.2092757737778843	6.093624415371455	689.0187768505681	4860000.0
-0.49102111862776104	7582038.099438578	-0.1744369943477958	0.21888763009299939	5.087112357327456	1375.5664918140615	4880000.0
-0.49401368037955257	5612317.27463229	-0.2687416485716255	0.25432933944064096	2.298678144288658	1207.9796269216467	4900000.0
-0.5423521290643412	9002154.909560492	0.373848024445771	0.2165653736074331	0.16115247733495153	603.7909213248926	4920000.0
-0.5288530523580417	1330181.6459177788	-0.016675401282393698	0.2234318881326547	3.2718742501105993	1054.1451172794807	4940000.0
-0.5111417275617084	6997928.8858266035	0.45440353153076124	0.2616207211971746	4.697076647069721	1110.9820514250134	4960000.0
-0.5040510971752186	4765617.517367742	0.13289453262291723	0.26368035659306344	2.8953791514156535	819.2051859049812	4980000.0
-0.5325923677199482	5653690.320500732	-0.3422291447061668	0.24025706233532151	3.7919214640108905	1811.9567897353213	5000000.0
-0.5383091319736042	7891962.602021942	1.5719177226569876	3.3858299566131405	1.9776672889051383	1536.7963636908823	5020000.0
-0.6069464473358049	6026007.7038865285	2.2993248897610132	3.499289194948288	0.19858251585225872	2389.4739498980684	5040000.0
-0.5724941625521356	2696592.4093281496	1.5914644673605491	-2.815037119178915	3.697442358454083	2327.758008912729	5060000.0
-0.5188507315308845	3173931.5188717	2.556709944056526	-2.7612612344804854	0.7380234283907399	1019.6734067488926	5080000.0
-0.5272799666440734	4352746.324696905	1.1577822997839449	3.448255171026501	4.208039141039379	1114.0523963238159	5100000.0
-0.6298486103443349	1726579.4036760004	0.6570939499248023	0.27606915783147556	1.6023882896936854	1637.360717121201	5120000.0
-0.6228441070314917	4464122.087276388	1.7519923539344964	-2.784697916266193	0.5175587950124054	1352.1528779619493	5140000.0
-0.6261520188920174	640294.5403329207	-0.08086131761914123	0.32101951877078116	1.5823123594703716	1793.172236612816	5160000.0
-0.6035801598095518	3877804.291064024	1.9524950386345656	3.4136705172374873	6.254566615167114	4378.997404057597	5180000.0
-0.5986237417328655	3582916.916299232	-0.11196939807428696	0.2757843206428552	0.13988270370123246	4099.729699652059	5200000.0
-0.5937757691256732	941227.5523760446	2.5624361463722645	-2.875933271510459	1.8016565858289368	2630.4195469546025	5220000.0
-0.5697589179446786	1281551.1840982793	1.9239621267279725	-2.838471640723792	3.5979048520674297	3230.367553188227	5240000.0
-0.571827825563453	4085291.191047822	2.4209635298088865	3.3974290413944943	5.907503688068722	3230.740210595396	5260000.0
-0.6257257068964556	3864472.296870052	1.7731383788877815	3.3703066500330205	4.04423771312657	5641.4825797298345	5280000.0
-0.6203824687969044	5617511.053650699	-0.3036026196671075	0.2515441104640512	0.1435082294413519	4226.068733819233	5300000.0
-0.659000557371949	5350114.058492095	0.9802274889977283	0.1297504507897984	4.011348168290937	3774.8557617040874	5320000.0
-0.6787953557675307	1901985.2847231894	1.9305802676769273	3.3285946066610923	1.4426851686221767	2138.1455851673177	5340000.0
-0.6780127177827387	3398835.8871374633	1.339765932905826	-2.812800936348127	0.5107075119378806	771.2674155546653	5360000.0
-0.6572000677582718	7535132.278706053	1.9601044225901143	-2.8539537886031403	0.09077936815307908	4181.009702991819	5380000.0
-0.6747620063770817	1664288.3765713647	0.22315896943189967	0.28393955127786863	3.6606190246459036	3417.411725098557	5400000.0
-0.6555054028902922	7522404.358738133	1.534305885610404	3.3101945806510935	2.6608581073278614	4380.515409558198	5420000.0
-0.6319409897979967	1655376.323161281	0.6880235479835728	0.3110637588199836	3.063509300069665	2644.610711038253	5440000.0
-0.6456738788773415	5451191.319381791	-0.3280563114391608	0.23380964756576805	3.7437858515779254	1307.1005224381615	5460000.0
-0.6040418211313802	3398931.0336708156	0.7628147723353127	0.3617933108860363	5.971284738143424	1755.8825456165787	5480000.0
-0.6368502273056493	3959951.2259142776	1.8301275995041566	-2.8224765878439233	5.785956753214741	2938.451904479239	5500000.0
-0.6061846265258702	3596602.0583841517	0.09777774860959049	0.2258055237632124	2.970369148616946	1475.9905547689632	5520000.0
-0.6346416553926346	4385957.026174074	1.037543813382998	0.039622490573076874	1.815113324085523	2159.532809680644	5540000.0
-0.6228106769776375	2423408.329353744	0.6201723099996646	0.2760542129730945	6.13961752913616	1132.1460396396903	5560000.0
-0.6559996418668528	5310918.9257723	0.7539250956257055	0.2084031881562125	5.029235816515886	347.2913372124015	5580000.0
-0.6635782563043275	5666251.628996008	1.093433171885783	0.07343183269144427	4.306874613782142	1819.0057040306526	5600000.0
-0.6677626506803291	1284961.9489750813	2.429510702879783	-2.9854429361796004	1.5766084683645971	1411.6341032868143	5620000.0
-0.6690169384649242	6252820.965254943	0.3379869495366454	0.18730655234256233	4.302988205074847	3153.959580431541	5640000.0
-0.6728872932982678	5635109.884444889	2.2748313943795706	-2.988032791005315	4.802725785124217	5323.572873454437	5660000.0
-0.674053840579183	1750424.7800096008	0.5141789335216882	0.0859471296151526	4.271389750833897	1279.2733951463865	5680000.0
-0.6411538683398376	3109157.358754657	0.5669737713485248	0.08355322955643185	2.7829406369424916	1448.6306094945787	5700000.0
-0.6513638708140538	7620479.595899781	0.060871025770606046	0.1247573069063983	4.02909292632274	2800.3462157042813	5720000.0
-0.6434699132035933	1593204.2485811044	-0.33780539425376854	0.120712663094376	5.823355614623068	1559.900308818256	5740000.0
-0.6611775253356565	3877764.5007516113	0.582463410358975	0.16942513862946962	2.1927002798302553	1961.8160079901918	5760000.0
-0.6215749629012909	1967030.1319145907	2.2491656987493442	3.2580998586194925	0.4474363930757477	2501.2657471562757	5780000.0
-0.6078383501251077	6827350.845066847	0.15483375523157233	0.1703972924663888	0.45139977535838227	1668.7104768197842	5800000.0
-0.6073933558025063	7817550.216769758	0.7638118288751956	0.042341340658460735	0.7711510356775548	1942.3632507133004	5820000.0
-0.6144689604688975	6086716.194790478	0.891954280630193	0.27742547849578547	3.4949197374868888	1553.4757174301333	5840000.0
-0.6011308187983181	3549198.9674566276	1.9408220752788696	3.2453848460971617	0.15621945184231834	855.3360308513385	5860000.0
-0.6096303110840446	4582941.2435229765	1.5986021007359117	3.2297174092688294	3.492901252413631	773.8833798251165	5880000.0
-0.37760551562158046	16574381.330095798	2.0064442639332056	-2.9457437801997344	3.1231088580807125	1550.5616184905516	5900000.0
-0.37618735127258657	642259.1611868088	2.2054306019980574	3.2284425649987627	4.514531221316318	2178.1452134243605	5920000.0
-0.3826856633858425	7622147.628614321	0.6474127355678969	0.28454985681028977	0.7928339907088713	1453.6393279107288	5940000.0
-0.3690962451851902	3148836.981296108	2.1992390136052373	3.250985975140269	1.4813815332997962	1687.4178608103593	5960000.0
-0.3860773530779766	10635002.29396664	1.6594800955972513	3.1474504662620477	3.3244712705357458	2919.215740258381	5980000.0
-0.38832438112599516	7836048.749106209	2.3053458495136026	3.2741506057709597	2.583000338266494	1909.7678459526755	6000000.0
-0.40498852603381164	4041241.5893212855	1.1659496163469592	-2.7205759089558414	5.307256536957375	1547.4214771059135	6020000.0
-0.41000817166678905	8178177.7882996	-0.20615348309226672	0.27390518515478623	5.1035760571638065	2036.650945819528	6040000.0
-0.4018803532847365	6695995.534072157	2.0561888543008178	3.356953291725362	2.68631277902044	1652.9905605468987	6060000.0
-0.4051843159335251	11985168.230092116	0.7949710800924679	0.12482104813723494	0.19840809668529857	3773.130880966352	6080000.0
-0.2513664724781814	18668910.721575513	0.43291395215369194	0.52497808839041	5.736285731136881	2329.02645089685	6100000.0
-0.2770900418948062	6798069.223259108	1.5986571710024635	3.3229012049262754	3.5527266903995454	2203.3979849614116	6120000.0
-0.2830188598523147	13453094.728723286	0.1718116517058927	0.2616442895511919	3.0118875496221165	3551.346606457056	6140000.0
-0.29396329175025193	1130440.062594274	1.4148879915358163	3.244141473036973	2.093139872819336	4097.999558501883	6160000.0
-0.2932410665958183	4714401.458511621	2.0445929130693803	3.4182991474937574	3.884757355330599	3227.602801564827	6180000.0
-0.26936228719679206	3808778.727519927	0.548765792973301	0.5642935637048303	0.17230834388949035	2906.0741094223085	6200000.0
-0.2657030263146153	11189812.237615567	-0.012816570933086746	0.4318023175152257	5.223536519733926	2033.346174844809	6220000.0
-0.2658476260352244	1376913.62345344	2.228855096651684	3.4734300391957587	1.196666265803323	3489.053195500897	6240000.0
-0.2936274464623583	3554241.659400044	0.5600586448107887	0.5218753207763689	2.7646884408656405	2496.29167412802	6260000.0
-0.29100891138338986	14699282.708103556	0.27474778378944925	0.20525992796225268	3.246551149723345	4945.057636346623	6280000.0
-0.2895267240525025	8899827.463430503	1.5760128828407156	-2.5782389700844526	3.445918375572454	3213.847852333681	6300000.0
-0.270756002452076	3298550.5065723285	2.1900062784640193	-2.7144945211006566	3.258563699958657	1838.98535697936	6320000.0
-0.28478708115983387	4384413.857109492	1.1579709684416783	-2.4393681727042456	3.5170620158901613	1894.360864977528	6340000.0
-0.27166703416945576	2641696.075982873	2.26061314431514	-2.667370260139703	5.8472508625713004	2451.051037759779	6360000.0
-0.2701059609132142	11741342.166656654	1.087953444482346	0.13596708310625694	0.9431537797569618	3696.458222616834	6380000.0
-0.26622981392165956	10077744.274921782	1.621704112419632	-2.5877853823692463	4.497373340724266	3400.3575802665173	6400000.0
-0.2558708852102612	2029037.8302749177	1.2231321801241244	3.279062624339133	1.202430838477639	3255.0480201916257	6420000.0
-0.24446367653114803	12977567.131144388	2.2298032837155346	3.5062604205930166	2.855305933331948	3052.163418493854	6440000.0
-0.23692376343030597	11542163.596823534	0.6873279623309929	0.2756159878969997	3.930975011038761	1575.907428686988	6460000.0
-0.2371792450028364	18220413.02968591	-0.18883241847409332	0.4439020415000933	6.070904484578207	3671.1534241718346	6480000.0
-0.22829317441055566	14270820.63889102	2.203858073287583	-2.677158530120253	1.297361365254389	280.8551239371638	6500000.0
-0.22514775052560843	14091072.846730681	1.222467132358662	-2.5254431150844714	2.459088391452532	2322.828473899935	6520000.0
-0.21965800607301586	16049891.871899422	1.4793290033343132	-2.5776397720936277	1.2708498220691098	884.6117192858945	6540000.0
-0.22241068846704232	15203632.979246555	2.430160033147616	-2.7297628428695138	3.0675266837047985	1536.9867554447403	6560000.0
-0.22478036891030775	9513417.367832027	1.3296821982812614	-2.5392075372825245	2.7849599097371325	770.9497030122096	6580000.0
-0.22275247667668918	17648456.56566528	0.5274314305718855	0.521998191844345	0.6655937718655238	1179.6902313562832	6600000.0
-0.21907178047150389	16305131.188301878	0.6245410660177471	0.2278521931816906	1.5819401587963497	1410.2920489604003	6620000.0
-0.2223740809283559	12984021.562580941	0.07676948333783434	0.4484703139621906	5.044278395204103	1551.064182655088	6640000.0
-0.2146467151761937	10676428.959575757	2.107535128507432	-2.682717129284624	5.218022814505076	1371.4973346813563	6660000.0
-0.2073366801460946	22143314.514501374	0.20710299490723388	0.48605379238744706	5.422300616166034	1090.955036079943	6680000.0
-0.2027040353848688	19169677.23713188	1.4800109504818013	3.371255670038402	3.6576598770773217	1021.8793297566997	6700000.0
-0.20457885040195967	3212039.0025549564	2.3850754964108214	-2.7138922726015187	0.07306160239591719	859.8193278996508	6720000.0
-0.209605574732833	6298259.1227742685	0.8066904517519884	0.5876747005989393	4.972402564222911	682.4027100575138	6740000.0
-0.2153256988327091	8660352.75357035	0.08685541962173332	0.49511781015045586	3.5611340455379406	698.9675829627748	6760000.0
-0.20902096900796563	6300849.876619222	0.7602480526645459	0.2763183765899859	5.18788817225002	495.2137221566987	6780000.0
-0.20673505160621233	17313787.975077726	1.9925445315547892	-2.6598767762644924	0.13541050622917084	658.9053912021062	6800000.0
-0.20559518379086467	5200743.5070234155	-0.14419912778328337	0.3587317209880124	5.701650110521143	365.0989599870692	6820000.0
-0.20510931531667528	7828332.343479446	0.9636302978555844	0.16673131918750994	1.6157280696663605	301.12146310396537	6840000.0
-0.21202668784884118	5279714.557699716	0.7557284708247978	0.5261925440772983	2.5104750826673836	233.54549563676213	6860000.0
-0.20980143914307084	8825798.280414846	1.1719918551107886	3.2427787332162863	4.92739343755504	545.4809537047765	6880000.0
-0.2047449752817493	2046194.8299374143	2.0335876132950004	3.3755340076748688	2.8968938385843614	450.48801745392956	6900000.0
-0.2162055363827808	13552680.188018052	1.8089511993522325	3.316262969381033	4.64093634769722	705.1896286201953	6920000.0
-0.2162193085274794	15986566.579581078	0.5226456360874872	0.42015054339177804	4.495344556426531	695.8178990436542	6940000.0
-0.20943912543037363	21902405.401965432	0.14208367671700556	0.374037940148525	1.0251604667082503	558.589457369249	6960000.0
-0.20916888466390346	3000544.123529511	0.5825060709854639	0.448894712716599	1.4888473231664179	178.7034073080321	6980000.0
-0.21322893093284484	13115278.690954957	2.1845089975362	-2.8273513337646143	3.025143546861223	110.60788274170844	7000000.0
-0.20270201895396783	7607739.733318857	-0.1825941706456795	0.24660589495173912	2.715042482193134	691.5597749260974	7020000.0
-0.20018188560405267	7562918.659326943	0.9078117821680087	0.4620769263666964	1.252676426498894	126.38764683970687	7040000.0
-0.22015038903871437	8015925.670640898	1.2921870499385713	3.1677101962336573	0.16286443151888363	1022.1847404608764	7060000.0
-0.21604640396625688	14972816.050705463	1.0164214074279543	0.016017334798615446	3.494487514162998	1335.5770401083548	7080000.0
-0.21491609525507338	6177112.516875638	-0.21204129969282187	0.24691160429345493	0.33010427515153395	1834.423913944174	7100000.0
-0.22050879056845243	2893419.2222146518	2.0701403845349264	-2.806045441024712	0.8219241104822075	1397.086572103	7120000.0
-0.23167118143897233	16220745.310162507	1.5499745036754597	3.2350874988795724	2.2975101500394857	1582.8342886751157	7140000.0
-0.2373444448705534	7630341.834120794	0.04386858345029415	0.17692248720371684	4.577621249352745	1276.2679965114492	7160000.0
-0.2399594102313543	5240061.5873141475	1.0629539726788537	0.014232153252366597	1.5492071716065752	680.198481788751	7180000.0
-0.23461214574587688	19119128.83948611	2.162749132695444	3.3166521157377877	3.4889303606240176	1409.0130381038418	7200000.0
-0.2164120379678104	11314264.16251169	1.043767418184214	0.38439955965543393	2.101328853455456	1944.366866618316	7220000.0
-0.22114088804322493	13090958.375951866	0.07763851428305418	0.11646364203532711	1.0875050629832046	643.9829136161046	7240000.0
-0.2209693566055715	6737929.665904664	1.8982345539289112	-2.878351361505998	2.9012755559238244	2208.634447887171	7260000.0
-0.2519891048408747	4380562.358087213	2.222301223011042	3.2326290807529716	1.2072006852126194	2114.3717553811866	7280000.0
-0.24138328981242685	16926480.879342236	-0.05797670526253346	0.08722174616487732	4.427781207762571	324.6864181379542	7300000.0
-0.2400100127118533	11034312.877684092	1.6638846715062976	-2.89418400098031	3.351201008795755	2519.1278053047754	7320000.0
-0.23934793668583748	12297926.033188205	2.3870050898555957	-3.0209161482256714	4.5881962669005745	1737.2069533272174	7340000.0
-0.2379582796927431	20393741.255464975	1.9731772096488456	-2.947726744319475	3.2408104281664833	1781.9273406670127	7360000.0
-0.24305190647176278	7300510.187043445	0.3359140711921436	0.19718212025159	0.6820106826525603	553.7626028210356	7380000.0
-0.2439933870578225	19587313.96643538	0.005481975609394674	0.14957675403127313	1.608611286575048	1707.0901603246527	7400000.0
-0.24470434524385073	6288198.467853127	1.9177419484495015	3.162009665163069	5.586509583932944	519.4547069589506	7420000.0
-0.24184285051865037	3492817.888542101	1.3009797469854958	-2.837893208016953	3.0411847992051406	1306.9967907542855	7440000.0
-0.24200585063471725	12053077.004072037	0.9863362391613217	0.32180711939430307	1.6537198552121097	1234.6938833044708	7460000.0
-0.2495674404477773	7261513.7314586425	2.021101731618857	-2.943791264369895	4.913413085222338	933.1346850828737	7480000.0
-0.25389149468961636	19857262.78006496	0.7291466494335923	-0.0056967924129520675	1.7303021085312196	258.02536177786146	7500000.0
-0.2142017235759407	4832549.536299898	-0.04634821944021933	0.5017709188822537	1.092447136214595	1877.3537020864635	7520000.0
-0.2171796748936977	6374320.638366689	0.42492989508167384	0.6209412346727983	5.47357107429665	1816.8952987853363	7540000.0
-0.21061404162441408	2290204.591660515	0.836588741721731	0.7346367743609312	0.8679670264593966	2466.0209872396463	7560000.0
-0.21472055434864035	17398522.860112697	0.6446077757875615	0.22592531362299584	0.6484305004530313	2979.8810312422042	7580000.0
-0.21508241763124203	6514914.201692969	0.22160111766665963	0.5640030954399954	3.7971917975135057	2507.7319414729036	7600000.0
-0.22015607090953826	7715282.143306743	2.2864572304272186	-2.7417783642284994	2.5623253089264466	2240.619820807916	7620000.0
-0.23583456840140976	2941350.4862297624	1.5963858383265555	-2.528775759379277	0.5033572240939037	809.4749826288833	7640000.0
-0.23595586112683742	10040159.265380163	1.268329772458904	3.3164336919488946	5.5348822009413965	1001.114491364328	7660000.0
-0.23677009886057435	12857665.584235791	1.3342316853537577	-2.3866662318790484	3.507604283136793	1684.6896130289695	7680000.0
-0.2353477329719347	6618502.338296582	1.2095949446977738	3.3022814291183744	0.9598462767775615	2970.749689132636	7700000.0
-0.2366655007277363	13802893.363667225	1.8273728914375513	3.479054521753893	2.607764197681661	1193.2712282943419	7720000.0
-0.24152695297063245	15264118.662371181	1.7563248818764703	3.4678217657286687	3.762662868329876	2295.4051043215973	7740000.0
-0.24129888222817553	3297211.8378697555	0.9117965207590379	0.1967515154050481	1.1148839976876417	1958.97678821507	7760000.0
-0.24056764052377266	15314459.687436443	-0.007195251290560589	0.39126719432252394	2.327198041298729	1352.8387927094484	7780000.0
-0.24289615921928592	16847374.854825865	1.6726959025129329	-2.5145062884005793	1.3440884571949212	2249.922939930028	7800000.0
-0.24478961458648013	7830551.5463545015	1.5903026738385893	-2.4980772823341866	0.23257468654951907	2314.336376950025	7820000.0
-0.24543898176715387	15801193.229844239	1.9023402007881702	-2.5850631661107624	3.369331138960689	2256.9836209228556	7840000.0
-0.24086859602997227	19035121.43420178	-0.06719239340711303	0.44030606131897754	6.182840380760716	1247.953552129363	7860000.0
-0.24582464591178513	17245226.640819978	1.2186066175896637	-2.4050022540523965	6.145249366623098	1696.8651547569066	7880000.0
-0.24732319565105998	5275291.596650897	1.6376105961400826	-2.527339573106565	6.281501687161061	1236.8965228404875	7900000.0
-0.23635990671721477	10695120.25378594	-0.003095627048966987	0.4519389664112713	5.895353691224784	782.1344969071424	7920000.0
-0.23757426367754442	8493666.81082357	-0.02353523671936969	0.457108616599041	2.726410382241397	708.6480896112937	7940000.0
-0.23127694527725332	4542220.036649781	1.4297983807020473	3.263265427488875	4.662084899201851	1202.0306546032944	7960000.0
-0.23474814549712342	16409301.509971473	0.6028101789137521	0.1811453448284115	3.400450407162303	581.5083530695673	7980000.0
-0.23972915849359697	14298358.634636331	0.405362159073612	0.23846409758372678	2.1330558538734294	479.84257647379616	8000000.0
-0.2476026546463614	6017105.4953570105	0.021779322801372736	0.32692190230928003	2.640689949803374	746.660378152293	8020000.0
-0.24273675966858982	22197808.471669182	0.3047279760213943	0.5097807008961261	2.2844532872623873	706.245012998863	8040000.0
-0.243718430205844	4615069.746948468	1.4118886932438794	-2.5201093962332703	3.6604292838518546	244.8122671272204	8060000.0
-0.240573228040373	7333457.085141179	-0.10594632660698805	0.4129055181913782	5.482180797850056	407.2958944395395	8080000.0
-0.22296529170259985	16040121.364599762	0.31541593772356363	0.2283934030694883	0.38549660476078174	19.793423296884725	8100000.0
-0.2226972191052175	10635650.221750457	2.206152331422578	3.4440501954902065	0.12846540159414133	524.9583959978785	8120000.0
-0.2095160132920969	1306986.262275031	2.0911941936995238	-2.7297941097658303	3.528973505539348	601.0651213270481	8140000.0
-0.20785866149458204	8651653.114755295	0.17652598032942363	0.42125069087212874	5.4028391994734974	595.991825165446	8160000.0
-0.20769486827742983	16058125.069433218	1.0171720301249936	0.041048941645620785	1.4946921904808121	723.5111347515586	8180000.0
-0.2074708233133296	10025531.948725488	1.9112127309076876	3.3530008427370532	5.218984385155082	659.9121686419943	8200000.0
-0.2096411144477351	11852592.892255342	2.3401226807040234	-2.7999017515016917	2.836292859222631	765.7054971241154	8220000.0
-0.2116212643116978	5934456.865650146	1.6981423006322518	-2.7163652199288824	1.4357131085389696	261.98114432216425	8240000.0
-0.21052212130580014	4089088.3546581166	-0.0026372127289123193	0.2128203144888957	1.8549029580927225	770.100763854485	8260000.0
-0.21188545833982675	21238341.20556058	0.6501362331240754	0.48964466408854124	4.876274918534115	265.0812820236662	8280000.0
-0.20898948460973368	16573025.169539694	0.8009103191703664	0.5530886255881908	1.263208375674921	576.5771870480027	8300000.0
-0.2130056754044855	8340077.990262345	1.6547957533995654	3.2254364906849733	3.4191667658824585	47.9366289754878	8320000.0
-0.20758881002688442	12019321.573875982	1.2006693955127201	3.093500062616808	2.75315542914678	481.3550277995592	8340000.0
-0.20056256183117224	11820008.46909381	1.4774479365689934	-2.5821886127240576	3.5913284824250837	929.3540601261028	8360000.0
-0.21387380695496636	14721200.552113734	0.1109226362027918	0.37146101807399734	0.38524878957908726	1163.6379045638894	8380000.0
-0.2106006686923105	20500687.012127426	0.7482594186371254	0.5236544334667395	3.4447703529439053	790.1782399987457	8400000.0
-0.21266708640213947	5762212.620293722	2.1762355726444853	-2.795938556958859	2.3800577855712675	619.9366161024295	8420000.0
-0.24075511429088925	5212805.0623232005	0.5022365094476928	0.05930378912465062	3.4134561755768758	1231.6334507917877	8440000.0
-0.23804204197475093	7825083.325857328	1.0352817083047796	-0.047822775281606944	2.9041272970055907	1324.5968068531524	8460000.0
-0.24479753344235397	12396901.937887266	1.4286030070336944	-2.7857151946394363	5.557016127820319	750.7669493402308	8480000.0
-0.25210943658738666	5213053.613746564	1.518626941793738	-2.7789228970177504	2.8970808517740707	2608.4392766773058	8500000.0
-0.25454011349607464	18672902.412303206	1.1678383112415793	3.0979051265069426	4.05071272488145	1634.391213978596	8520000.0
-0.2715830018147303	10698245.625591708	0.5684916562020192	0.07277388880076674	0.41544063011792076	2631.909204272568	8540000.0
-0.2525350579125451	13956733.40574276	0.9091023525782547	0.060040081969215287	0.754291180041406	422.5532116432131	8560000.0
-0.2582364538735576	8368499.01246972	2.0961143224058145	3.3268041646366195	2.0191558874148967	966.3094712398864	8580000.0
-0.25953624539306225	16227378.700573359	1.6836258822408876	3.2617321487625883	6.217392953859488	1699.174714063661	8600000.0
-0.25699855594267046	11454687.343370326	2.4288858394971533	3.375557518671091	3.761864988085648	519.3442946906566	8620000.0
-0.2585968381158773	13035724.119810447	-0.004465847080405705	0.2957095377067098	4.62413778229724	1816.8979806932452	8640000.0
-0.2602085919783653	10241025.401942482	-0.20592506239464953	0.24507799113982967	2.774282422662054	2532.697886139065	8660000.0
-0.2521858515849559	16534821.495714556	-0.19429461703151402	0.27302194371584537	2.759541688089442	2395.929620749517	8680000.0
-0.24923900887300968	8414001.768966917	2.3773446678347923	-2.860517750550665	1.372542718634712	1095.7675389888313	8700000.0
-0.24630371870356038	8221893.749421589	2.2582566756363978	-2.841268391255879	3.2823565814433024	407.0080372099763	8720000.0
-0.2527231372506932	7612184.770163962	2.3993673334980987	-2.8459168343119035	3.670010906680673	567.0925572572448	8740000.0
-0.25976018295102427	8366774.5861068815	1.0019771277684968	0.5370878109301596	4.656499417021905	534.2726456400429	8760000.0
-0.2515411352674114	3468620.924271855	1.711326227923839	3.2875288162756977	1.5866070257619214	1508.026626718285	8780000.0
-0.2473304649906755	3929993.0069970647	0.4498674583027961	0.43815348791598985	5.142698552459613	1354.0540152260282	8800000.0
-0.24859356166419777	7972045.045481537	1.155555122723413	-2.5366558671421844	0.7407444703990294	1244.2029379731025	8820000.0
-0.24683841615038643	10652539.615498498	1.8878776532333297	3.2935701982252725	3.38282253350512	207.1319351404913	8840000.0
-0.2430503530001006	11395025.818416363	1.5690462449786535	3.219910935298885	4.543991720953983	581.9250190885232	8860000.0
-0.24322634887135522	19216354.692124568	1.779119142494165	-2.6931784399279497	4.089270296692	642.5585350565137	8880000.0
-0.24668933204537974	9503095.486142945	2.254216992155189	3.3953569603142446	1.8021270762555588	521.7213480836733	8900000.0
-0.25564548831673245	10168007.589294754	0.5096533487312154	0.14966424485654017	4.544415282730746	679.8427378498508	8920000.0
-0.26287703548741087	4925090.52782318	0.9533887058945649	0.5765350847960533	1.4865409089049209	285.4261140651933	8940000.0
-0.2693171692800465	5637389.474577499	0.5903968213518815	0.5019810538179432	1.3924205133490801	507.20835390386566	8960000.0
-0.2660607320624607	16584620.90645459	1.8471056223832947	3.3312375088880617	3.1626833141854647	269.54861573643984	8980000.0
-0.2728439956684888	6295179.137849988	0.8077113211877183	0.6064336147772127	3.204391441707166	258.87581936651054	9000000.0
-0.27782054994423644	2749251.811233783	0.3868670189903896	0.4826577434448973	1.5829651889713858	217.4206003957714	9020000.0
-0.2889494836079951	17131827.917505987	0.03912745132899026	0.2663889075269967	2.478226924543236	492.1503728916846	9040000.0
-0.2552792571343125	7896146.75857451	1.4039329881893192	3.1495884713458726	5.113347110075885	228.23752055494538	9060000.0
-0.2491828555375603	10508844.896383937	0.05755219042310605	0.1757025849419872	3.238385816630373	193.5811762806384	9080000.0
-0.24192429494610937	9458227.563638395	1.945269611718472	3.2642476232536266	1.8161008353626897	111.41796049411415	9100000.0
-0.25088322961457016	12662803.62449111	-0.019068579415779663	0.2270909623931892	2.5392334413812314	50.949163567925126	9120000.0
-0.25764398732036237	15767820.160652004	1.5142051770056697	3.142511322387363	3.4075303572934743	118.13530281239576	9140000.0
-0.2531464820156567	9703384.643365137	1.39520122355026	3.1375250454857007	3.0398439319410073	83.81120804220124	9160000.0
-0.2343589123696517	5557738.220396095	1.7128754352111737	3.008724323720714	5.854626420879519	45.15478474620613	9180000.0
-0.23385118338153907	15852215.791052198	1.072536053489888	-0.6747708928400202	5.579098785422371	67.99832167848069	9200000.0
-0.23436093963435536	5553566.144086365	0.520556969429876	0.3684553534655888	1.1352788824382216	36.84200793115936	9220000.0
-0.2428470018744155	21916458.43875174	1.375849507075159	2.6648065167318444	1.423472268370439	72.31897666716488	9240000.0
-0.24385139858160762	13721321.784978466	0.6634171973173102	-0.3444834369796742	1.987974076442356	148.54275550370252	9260000.0
-0.24491985651587364	7339167.613230724	0.45664308032814466	-0.13824642207586785	0.9994642785926473	104.6215359312988	9280000.0
-0.24589857714365063	6602376.041332081	1.3246519391208482	2.6098538641886027	0.9661924265224329	63.380045299619496	9300000.0
-0.2502730823995814	5784463.9963137675	0.6448938950913778	0.4637152487963444	5.120480068811467	100.05909721730171	9320000.0
-0.24605303810797405	6630905.034247316	0.8257475398179279	-0.48684141981338236	0.25444252387215727	251.84364588027216	9340000.0
-0.24339165034605897	6425178.284253778	1.6031006175360214	-2.7038711289158828	3.4588037311916224	233.0621947132248	9360000.0
-0.23634820065674314	10067787.495429648	1.540426816903698	-2.6602418542883757	2.6988279140148848	308.8419094179508	9380000.0
-0.24663137036732455	8660525.910287073	0.5819073873015088	0.3888214763905401	1.3612964689522826	174.76291511211252	9400000.0
-0.24844063984531325	18128073.733568653	1.8653955276017342	-3.0612433046724283	0.3723149878818006	416.0736066994445	9420000.0
-0.25100712489810983	9617379.607554585	0.412351925061154	0.2572964305857049	6.187198081583659	576.851287335188	9440000.0
-0.2440152278523655	2183704.792342813	0.5468716467250037	0.3906744247732785	3.809511516467225	1044.201798666083	9460000.0
-0.23096603513950975	3695038.5964675187	0.5465822580826474	-0.22820757742066122	1.5659845008654258	1075.085367456151	9480000.0
-0.2313527189750877	16269052.27994792	1.415432688751386	-2.5666644882033984	1.8260617678513285	773.1026033699354	9500000.0
-0.23577361994535623	16095818.666507201	1.199369819130147	-2.386271642397497	2.264022737498671	834.2759534620568	9520000.0
-0.23450670323079448	2211453.122061669	1.410388698277943	2.7257100549129976	2.704498193019951	798.2327725041047	9540000.0
-0.2348063649066388	6200554.785509528	1.6386884623281546	2.8848606320591115	3.42885807045144	474.5365489076119	9560000.0
-0.23017730559046923	15552942.227795888	0.3448978617944352	0.12399822259666396	0.4916574617017204	1294.9964457711283	9580000.0
-0.24064687399571846	4487167.8916249415	1.4873606233165644	-2.6507554333066397	2.085793594140682	996.786888300636	9600000.0
-0.24908944843065559	11346917.717465067	1.7226582388469414	2.918303022826553	0.6615597431322868	1047.6263624587011	9620000.0
-0.25041349677911007	11491273.070117591	1.7918966719742508	-2.94852533617419	5.900857616895621	804.1592823961475	9640000.0
-0.25010966756624214	16164080.616159951	1.860545609025674	3.0238857161843318	5.5531916071880545	429.140665583418	9660000.0
-0.2532058944854528	4517333.939801144	1.8798842022795572	3.0826439069868337	4.181823655703575	873.5427936597554	9680000.0
-0.2539221210271179	12064187.455416758	1.5779836294056029	-2.7585528791701055	2.203655410424865	273.03568157541656	9700000.0
-0.25805047258554503	16097844.665746296	1.4552289415291555	2.644159583495549	6.056446380177874	954.4561904340427	9720000.0
-0.26590785093020985	5687483.878679104	1.705367964586285	-2.887204789680591	1.7365411056703692	830.7402554497062	9740000.0
-0.29726013486277214	11265353.067548547	1.712910673954644	-2.784892481602022	0.6112579481158917	240.3877101986626	9760000.0
-0.29682372070338636	6482174.210099526	1.4680638562996866	2.8303163087293433	2.017104312936638	1009.2790990744514	9780000.0
-0.29805587599820305	6615768.631238038	0.8280381897611144	-0.388872553823326	6.278011164549845	1359.8534876713588	9800000.0
-0.3130741375116118	3555219.320699213	1.6379072547327218	2.9764989071801193	1.735930674508765	198.5780295950972	9820000.0
-0.31620022370135276	4744030.56882371	0.3946090604758798	0.2561640821945016	3.4140456259557723	1086.2551521646212	9840000.0
-0.32116110340145626	4740431.742202871	1.1476430943861433	-2.245859384154656	1.6508500870279619	726.1821379790889	9860000.0
-0.3147139021715693	3733822.9422199675	1.3999493837333066	-2.462657996665217	0.5161674953622111	707.710642058053	9880000.0
-0.31944464747611756	7832266.078927742	0.9922015805290925	0.8738631178433829	1.1066679515327493	572.4312017028011	9900000.0
-0.32570847139302067	9147083.100209374	0.9708964241137834	0.8496371277577098	5.558820061506253	975.8401311955995	9920000.0
-0.33886198823114494	10314287.531435931	0.7039367912985715	0.595937367919684	4.8699013351264	996.4994662143918	9940000.0
-0.34278318539651453	12811661.835683433	0.5045175889735496	0.34211213276497826	6.277706534384592	884.9638678610125	9960000.0
-0.3603646068082681	5738913.811222525	1.3475595389956496	-2.34962552174433	3.6716926451790854	356.90769677143777	9980000.0
Running time: 1 days 26 hours 44 minutes 39.896416902542114 seconds.
